0.066250
0.015847
0.015022
0.021242
0.035054
0.029513
0.019299
0.027679
0.014885
0.021938
0.034197
0.013377
0.023332
0.025571
0.020269
0.028524
0.036771
0.024170
0.030928
0.033200
0.016260
0.023053
0.019437
0.023751
0.026554
0.016949
0.024170
0.020686
0.030786
0.015985
0.036341
0.025010
0.018883
0.021242
0.023332
0.025431
0.012419
0.019437
0.028807
0.023192
0.019992
0.035483
0.025711
0.031921
0.019853
0.024170
0.034197
0.024031
0.036914
0.030786
0.023053
0.024870
0.021520
0.024310
0.018607
0.015435
0.037775
0.014199
0.027961
0.025992
0.025571
0.012419
0.029654
0.019576
0.034340
0.024590
0.025851
0.013925
0.025290
0.025571
0.020964
0.019714
0.027820
0.027397
0.022495
0.020686
0.024170
0.027679
0.012829
0.015710
0.013514
0.036341
0.022356
0.021659
0.024730
0.024450
0.035197
0.017225
0.029937
0.015297
0.027679
0.021242
0.020964
0.015572
0.015847
0.022913
0.016536
0.028242
0.015847
0.066250
0.014885
0.010101
0.024310
0.017639
0.010373
0.017639
0.012282
0.019992
0.017087
0.016122
0.019714
0.018883
0.014062
0.021798
0.019437
0.016673
0.021520
0.021520
0.012966
0.017915
0.011054
0.014336
0.022495
0.015435
0.028101
0.014199
0.019992
0.015297
0.016949
0.024590
0.016673
0.017363
0.017087
0.021798
0.014610
0.009829
0.017363
0.020131
0.013240
0.028242
0.020269
0.017363
0.014748
0.010782
0.018192
0.024870
0.019160
0.026273
0.016949
0.017777
0.017363
0.015847
0.022634
0.016122
0.020964
0.014610
0.014473
0.016673
0.016811
0.011054
0.011191
0.014199
0.022495
0.017363
0.015160
0.008336
0.008471
0.019576
0.012419
0.011327
0.014748
0.023053
0.018192
0.014610
0.013103
0.014062
0.005901
0.014610
0.011873
0.010918
0.016949
0.015160
0.012829
0.018607
0.013240
0.018192
0.015985
0.011463
0.015572
0.017501
0.011600
0.012146
0.013788
0.010509
0.009557
0.022634
0.015022
0.014885
0.066250
0.017639
0.025571
0.017639
0.012419
0.013514
0.014473
0.020825
0.018053
0.018053
0.021659
0.022216
0.014610
0.020131
0.019576
0.049245
0.026413
0.025711
0.010237
0.019992
0.014610
0.017915
0.026413
0.016122
0.024031
0.018192
0.020131
0.017639
0.027257
0.021381
0.020408
0.015847
0.020686
0.024310
0.013650
0.010237
0.023891
0.025571
0.015435
0.022077
0.022913
0.025992
0.013788
0.014062
0.016673
0.023332
0.024450
0.024730
0.032631
0.021938
0.021798
0.022495
0.020686
0.015297
0.025431
0.016673
0.017639
0.021242
0.034197
0.011873
0.016398
0.025290
0.024590
0.019437
0.020825
0.016673
0.014062
0.014336
0.022356
0.016673
0.019714
0.020964
0.019853
0.018883
0.019576
0.015847
0.009285
0.010101
0.011600
0.020686
0.019853
0.018607
0.015435
0.018883
0.019160
0.015985
0.018330
0.015022
0.018468
0.018883
0.014610
0.012146
0.016536
0.019714
0.011054
0.017915
0.021242
0.010101
0.017639
0.066250
0.025571
0.022356
0.019022
0.015985
0.020408
0.025290
0.023332
0.012146
0.020269
0.021520
0.015985
0.018468
0.026413
0.016122
0.017501
0.022774
0.012146
0.015572
0.018192
0.018745
0.015022
0.013514
0.021520
0.009693
0.016398
0.012282
0.024310
0.019714
0.016673
0.019576
0.012556
0.017087
0.005901
0.011736
0.020825
0.020964
0.018192
0.021242
0.025992
0.025571
0.014336
0.013514
0.018607
0.018607
0.019299
0.019576
0.020547
0.021381
0.018330
0.016398
0.020825
0.022913
0.025992
0.015985
0.028948
0.024310
0.018745
0.014199
0.018330
0.022634
0.021103
0.026273
0.019022
0.020825
0.027257
0.024170
0.017087
0.020547
0.016673
0.021659
0.024310
0.024590
0.013925
0.016949
0.013650
0.012692
0.015847
0.019437
0.019299
0.013514
0.014199
0.018745
0.020547
0.016949
0.020825
0.021659
0.024450
0.020269
0.013103
0.012966
0.011736
0.024310
0.009014
0.026273
0.035054
0.024310
0.025571
0.025571
0.066250
0.039933
0.023332
0.030644
0.021381
0.032063
0.038925
0.021103
0.038062
0.036771
0.024310
0.045005
0.044714
0.029371
0.037631
0.043115
0.022774
0.032347
0.024590
0.034483
0.035483
0.026975
0.036771
0.018468
0.035340
0.021659
0.044714
0.039933
0.022356
0.027538
0.029371
0.035912
0.015297
0.020269
0.040078
0.030361
0.023332
0.040078
0.033343
0.038493
0.022216
0.022913
0.043261
0.037775
0.039789
0.044859
0.032347
0.034768
0.029937
0.032489
0.039789
0.026975
0.046901
0.023192
0.035197
0.030361
0.031353
0.017915
0.037201
0.032631
0.047779
0.035483
0.032773
0.022495
0.035054
0.034911
0.030220
0.028242
0.027961
0.035912
0.031921
0.029795
0.026975
0.029795
0.013650
0.023192
0.027257
0.029089
0.033770
0.025711
0.027538
0.036198
0.036341
0.025992
0.037919
0.027538
0.029513
0.029654
0.027538
0.025431
0.026132
0.030078
0.020269
0.037775
0.029513
0.017639
0.017639
0.022356
0.039933
0.066250
0.019299
0.025992
0.025010
0.035197
0.033058
0.022495
0.027679
0.028383
0.021103
0.038781
0.034340
0.025571
0.033770
0.039645
0.019160
0.028524
0.027538
0.030078
0.030928
0.025010
0.032347
0.027538
0.026273
0.024730
0.037488
0.034768
0.019853
0.027397
0.020269
0.034197
0.014473
0.017777
0.027820
0.030503
0.022913
0.030220
0.036341
0.038350
0.018192
0.025010
0.028807
0.031211
0.029795
0.037488
0.030361
0.027820
0.020825
0.031779
0.031211
0.025992
0.035340
0.021242
0.025851
0.030220
0.029654
0.014473
0.030503
0.032205
0.037058
0.036914
0.028948
0.021381
0.024730
0.034768
0.027820
0.016260
0.027820
0.034340
0.031353
0.023192
0.023751
0.025571
0.011327
0.019853
0.021103
0.026694
0.029513
0.019992
0.025431
0.030928
0.030503
0.031070
0.026694
0.020686
0.026835
0.024450
0.021798
0.018745
0.021242
0.026132
0.020408
0.035483
0.019299
0.010373
0.012419
0.019022
0.023332
0.019299
0.066250
0.018607
0.020825
0.019714
0.027961
0.011873
0.019160
0.021520
0.019714
0.021381
0.024590
0.011191
0.015160
0.020547
0.025711
0.024870
0.015435
0.016122
0.019160
0.011873
0.021798
0.015710
0.015435
0.013103
0.020964
0.022774
0.011327
0.025851
0.016811
0.018468
0.010918
0.014748
0.022077
0.019299
0.014336
0.022216
0.027820
0.022216
0.015160
0.011463
0.014473
0.019853
0.019714
0.021659
0.015572
0.010237
0.012829
0.020547
0.018192
0.027116
0.021520
0.021103
0.023332
0.017639
0.019437
0.009693
0.020408
0.012829
0.022216
0.022077
0.016949
0.015572
0.016811
0.021938
0.019714
0.016398
0.018607
0.017225
0.020269
0.020408
0.016398
0.015160
0.014610
0.026835
0.013650
0.017087
0.013377
0.012419
0.015710
0.014473
0.021242
0.022216
0.018330
0.016398
0.019853
0.021659
0.022216
0.014610
0.011463
0.021381
0.025150
0.018468
0.027679
0.017639
0.013514
0.015985
0.030644
0.025992
0.018607
0.066250
0.014885
0.021381
0.035197
0.014473
0.022634
0.024730
0.019160
0.026554
0.030928
0.015985
0.029371
0.028101
0.017501
0.024031
0.019022
0.023891
0.024870
0.017777
0.028101
0.021381
0.031779
0.010101
0.027820
0.027257
0.020131
0.022634
0.025290
0.024170
0.008607
0.018607
0.020269
0.021520
0.015710
0.025571
0.034197
0.027257
0.020825
0.014748
0.025711
0.027397
0.029089
0.030361
0.022774
0.022077
0.020408
0.024310
0.022077
0.016398
0.027397
0.017777
0.018468
0.018053
0.018192
0.022495
0.024730
0.021659
0.030928
0.018883
0.025711
0.021798
0.024730
0.026975
0.016673
0.018607
0.021103
0.024590
0.027538
0.014199
0.021938
0.031637
0.009829
0.018745
0.017501
0.025571
0.023891
0.023751
0.025290
0.026694
0.032916
0.018883
0.031353
0.017087
0.021381
0.021938
0.020686
0.014062
0.014062
0.019160
0.022216
0.024310
0.014885
0.012282
0.014473
0.020408
0.021381
0.025010
0.020825
0.014885
0.066250
0.025010
0.025711
0.018745
0.020964
0.021659
0.018607
0.022634
0.019299
0.016536
0.017225
0.020408
0.012009
0.018053
0.016673
0.019299
0.014885
0.011463
0.018330
0.015297
0.019576
0.017915
0.021242
0.023891
0.010918
0.019853
0.015710
0.019022
0.014062
0.012692
0.016811
0.019022
0.015847
0.018607
0.021798
0.026132
0.015710
0.012966
0.016673
0.020269
0.015710
0.018745
0.017777
0.012009
0.012419
0.021798
0.017501
0.018745
0.020131
0.019853
0.020408
0.021103
0.023751
0.009557
0.015710
0.015847
0.019437
0.023611
0.018607
0.017087
0.021798
0.021798
0.020964
0.015297
0.015160
0.023611
0.021798
0.020686
0.016122
0.015160
0.011327
0.014748
0.014062
0.012146
0.013240
0.010373
0.011736
0.018192
0.024031
0.029089
0.021103
0.015710
0.016673
0.023053
0.014610
0.011191
0.014885
0.017501
0.010373
0.024450
0.021938
0.019992
0.020825
0.025290
0.032063
0.035197
0.019714
0.021381
0.025010
0.066250
0.029089
0.019714
0.027397
0.033058
0.020964
0.029371
0.030220
0.026554
0.026835
0.032489
0.014199
0.024310
0.022077
0.028101
0.026975
0.020964
0.031353
0.017501
0.024031
0.018745
0.034625
0.026273
0.021103
0.027679
0.019714
0.031211
0.011736
0.019299
0.026273
0.033058
0.017501
0.030078
0.025290
0.033770
0.021242
0.016260
0.022634
0.029795
0.027538
0.033200
0.026132
0.018330
0.026413
0.026413
0.032916
0.027397
0.032063
0.017777
0.024590
0.025571
0.032347
0.014473
0.025290
0.032489
0.029795
0.029654
0.022077
0.013377
0.026132
0.030786
0.024870
0.017363
0.023751
0.032347
0.025431
0.019853
0.020686
0.017363
0.010918
0.020131
0.019299
0.022634
0.033770
0.017915
0.019576
0.031779
0.025851
0.026413
0.027961
0.019992
0.021520
0.026132
0.021520
0.017639
0.019437
0.024310
0.017225
0.031779
0.034197
0.017087
0.018053
0.023332
0.038925
0.033058
0.027961
0.035197
0.025711
0.029089
0.066250
0.022913
0.030786
0.029513
0.025010
0.036341
0.039933
0.024730
0.032205
0.032347
0.019714
0.028524
0.019437
0.029937
0.025851
0.017915
0.030503
0.020964
0.026975
0.019992
0.035197
0.028948
0.020825
0.030928
0.023192
0.028665
0.011054
0.016536
0.036771
0.026835
0.021520
0.036198
0.030361
0.039357
0.021381
0.021381
0.030644
0.032631
0.030361
0.034340
0.031495
0.025290
0.022356
0.026554
0.024590
0.023611
0.036914
0.024170
0.026835
0.026554
0.030503
0.019714
0.025711
0.029089
0.033912
0.030503
0.026835
0.018607
0.030220
0.028665
0.023891
0.021242
0.027538
0.032773
0.027820
0.028242
0.020964
0.032489
0.019299
0.022634
0.016811
0.025571
0.024310
0.021798
0.023332
0.028948
0.037058
0.024031
0.032063
0.022495
0.029513
0.019299
0.032063
0.015572
0.019853
0.022913
0.024310
0.030928
0.013377
0.016122
0.018053
0.012146
0.021103
0.022495
0.011873
0.014473
0.018745
0.019714
0.022913
0.066250
0.014885
0.016398
0.011327
0.022913
0.021938
0.018745
0.017777
0.018607
0.013240
0.013377
0.017777
0.018330
0.019992
0.016536
0.023192
0.015985
0.016811
0.020269
0.018053
0.022077
0.010645
0.013377
0.017639
0.022774
0.022356
0.009829
0.018883
0.016536
0.012146
0.016811
0.019299
0.022774
0.014336
0.014336
0.014473
0.018883
0.017777
0.019299
0.021381
0.016398
0.017087
0.024310
0.018745
0.016811
0.016398
0.016122
0.016536
0.015297
0.023053
0.010918
0.014610
0.015022
0.018330
0.018883
0.016398
0.011463
0.012966
0.027397
0.019022
0.014336
0.012419
0.020964
0.018745
0.015022
0.018468
0.020131
0.007252
0.013788
0.014473
0.012556
0.016122
0.011736
0.013788
0.014473
0.015435
0.026132
0.017777
0.015985
0.012009
0.021798
0.017639
0.010509
0.017915
0.013650
0.011600
0.019714
0.023332
0.019714
0.021659
0.020269
0.038062
0.027679
0.019160
0.022634
0.020964
0.027397
0.030786
0.014885
0.066250
0.027820
0.021242
0.036914
0.032205
0.023611
0.027820
0.039213
0.017225
0.025711
0.020269
0.025010
0.020964
0.024310
0.025571
0.017225
0.029230
0.017777
0.035197
0.028524
0.020269
0.021520
0.021242
0.027257
0.011463
0.014336
0.030220
0.028948
0.020408
0.029654
0.025290
0.033058
0.015297
0.016949
0.027397
0.030078
0.033200
0.033058
0.022634
0.024170
0.026835
0.027397
0.024450
0.026132
0.036055
0.015847
0.024450
0.024310
0.028383
0.013377
0.025851
0.025851
0.033770
0.030503
0.024170
0.017501
0.022356
0.021103
0.028524
0.018053
0.021381
0.031070
0.027679
0.017225
0.017915
0.023472
0.008200
0.017087
0.015847
0.021798
0.023611
0.019714
0.019022
0.028948
0.031637
0.021659
0.021798
0.022216
0.022774
0.025431
0.018745
0.017639
0.023891
0.027257
0.015297
0.027116
0.025571
0.018883
0.022216
0.021520
0.036771
0.028383
0.021520
0.024730
0.021659
0.033058
0.029513
0.016398
0.027820
0.066250
0.026554
0.028665
0.023891
0.024310
0.025992
0.028383
0.019022
0.027820
0.020269
0.024450
0.025431
0.020825
0.025290
0.018883
0.023751
0.016949
0.031637
0.028524
0.025431
0.019853
0.023891
0.026975
0.013514
0.012829
0.029937
0.024310
0.018468
0.026975
0.023332
0.036055
0.022216
0.017501
0.022216
0.028948
0.027820
0.031070
0.025992
0.022495
0.021520
0.029513
0.023192
0.025851
0.033912
0.017915
0.022495
0.023891
0.023611
0.014062
0.027397
0.023611
0.029230
0.024870
0.026694
0.014885
0.025851
0.024590
0.020825
0.016260
0.021103
0.024450
0.026413
0.023053
0.023053
0.023053
0.012146
0.025150
0.016122
0.021798
0.027679
0.019992
0.022077
0.022634
0.031211
0.020686
0.026975
0.015847
0.020825
0.019299
0.023472
0.013103
0.015022
0.026413
0.016949
0.026273
0.020269
0.014062
0.014610
0.015985
0.024310
0.021103
0.019714
0.019160
0.018607
0.020964
0.025010
0.011327
0.021242
0.026554
0.066250
0.024730
0.019714
0.015847
0.019992
0.025010
0.012556
0.019299
0.014336
0.017087
0.021242
0.014473
0.019853
0.014473
0.014336
0.015847
0.023611
0.023053
0.015435
0.021798
0.013514
0.021798
0.011463
0.015985
0.022495
0.020686
0.015572
0.023891
0.024310
0.027820
0.026554
0.012829
0.016811
0.024590
0.024031
0.027257
0.018883
0.012966
0.017501
0.019853
0.018330
0.017915
0.025711
0.021381
0.016398
0.017363
0.017363
0.010101
0.015022
0.016260
0.024170
0.018745
0.017363
0.018745
0.018607
0.020686
0.019299
0.016260
0.019437
0.019992
0.021938
0.014062
0.016673
0.018053
0.011191
0.017915
0.012146
0.021659
0.020408
0.014885
0.017501
0.016398
0.022913
0.020408
0.024170
0.015572
0.019299
0.014473
0.015022
0.017777
0.012556
0.014885
0.015435
0.018053
0.028524
0.021798
0.020131
0.018468
0.045005
0.038781
0.021381
0.026554
0.022634
0.029371
0.036341
0.022913
0.036914
0.028665
0.024730
0.066250
0.037631
0.025290
0.030644
0.041956
0.025290
0.028665
0.022634
0.032489
0.027538
0.027820
0.033343
0.022077
0.031353
0.025851
0.039645
0.033343
0.022077
0.025711
0.027820
0.031921
0.015160
0.018053
0.031353
0.028242
0.019299
0.035769
0.032205
0.037631
0.023332
0.018883
0.038925
0.041377
0.037775
0.039789
0.026273
0.027257
0.025992
0.027679
0.025150
0.025851
0.043696
0.020408
0.026413
0.025571
0.027679
0.014473
0.028524
0.028383
0.044277
0.038062
0.029937
0.020825
0.025851
0.024870
0.032916
0.026273
0.026554
0.035197
0.028665
0.022495
0.026413
0.025851
0.012829
0.025010
0.021381
0.025851
0.025150
0.021798
0.023891
0.030078
0.032347
0.026975
0.031921
0.023611
0.025851
0.026975
0.023751
0.021520
0.024730
0.027961
0.020408
0.033343
0.036771
0.019437
0.019576
0.026413
0.044714
0.034340
0.024590
0.030928
0.019299
0.030220
0.039933
0.021938
0.032205
0.023891
0.019714
0.037631
0.066250
0.024170
0.034625
0.038925
0.017777
0.025992
0.024031
0.029371
0.029937
0.022216
0.036628
0.016811
0.032063
0.017087
0.038925
0.032347
0.022913
0.023053
0.023891
0.031211
0.009829
0.017225
0.034340
0.027397
0.021242
0.040222
0.037488
0.036341
0.019992
0.019853
0.034625
0.036914
0.034625
0.040655
0.029513
0.031495
0.025431
0.030928
0.032205
0.025992
0.039213
0.025711
0.030644
0.027257
0.025150
0.017363
0.034768
0.030644
0.041667
0.034625
0.027961
0.025711
0.033058
0.034911
0.026554
0.022495
0.027397
0.031637
0.031211
0.031211
0.027820
0.033058
0.014336
0.021938
0.020547
0.026694
0.025992
0.021659
0.031070
0.030078
0.032631
0.020408
0.029371
0.021242
0.027961
0.023611
0.024310
0.020269
0.020964
0.025431
0.021938
0.033200
0.024170
0.016673
0.049245
0.016122
0.029371
0.025571
0.011191
0.015985
0.016536
0.026554
0.024730
0.018745
0.023611
0.024310
0.015847
0.025290
0.024170
0.066250
0.031779
0.032773
0.009557
0.021242
0.015710
0.023751
0.028101
0.015572
0.029795
0.021381
0.027397
0.021938
0.033485
0.026273
0.020269
0.019714
0.021242
0.026835
0.016949
0.013514
0.024870
0.028383
0.016673
0.025571
0.025290
0.031495
0.014610
0.018192
0.023891
0.028383
0.027820
0.028948
0.033485
0.020686
0.023192
0.024870
0.025571
0.015297
0.027538
0.017501
0.019714
0.026273
0.040222
0.017225
0.019437
0.029089
0.025851
0.022774
0.024031
0.017087
0.018745
0.020686
0.022356
0.018053
0.025150
0.025851
0.021659
0.021520
0.022634
0.016949
0.011327
0.012419
0.015572
0.026132
0.021242
0.018468
0.022077
0.022216
0.023891
0.018607
0.021103
0.015985
0.018607
0.020686
0.016398
0.012419
0.019714
0.021381
0.012556
0.020964
0.030928
0.021520
0.026413
0.017501
0.037631
0.033770
0.015160
0.029371
0.017225
0.026835
0.032205
0.017777
0.027820
0.025992
0.019992
0.030644
0.034625
0.031779
0.066250
0.033200
0.015710
0.026554
0.023891
0.027820
0.030503
0.022216
0.034055
0.019714
0.032916
0.023751
0.036628
0.029795
0.023332
0.025290
0.022913
0.034625
0.013514
0.018468
0.031353
0.030644
0.024870
0.034055
0.031070
0.031921
0.015435
0.021381
0.034055
0.031637
0.036628
0.037919
0.030503
0.034055
0.025150
0.030644
0.028665
0.020825
0.035483
0.022077
0.022913
0.023611
0.034055
0.015985
0.026413
0.034768
0.031353
0.032916
0.029371
0.020547
0.018053
0.024031
0.021659
0.022495
0.026694
0.033200
0.029654
0.023611
0.023611
0.027538
0.010101
0.016122
0.019853
0.027116
0.026835
0.027116
0.031921
0.035197
0.026413
0.023192
0.031495
0.022216
0.027538
0.024730
0.024031
0.015435
0.020825
0.023472
0.016673
0.027679
0.033200
0.021520
0.025711
0.022774
0.043115
0.039645
0.020547
0.028101
0.020408
0.032489
0.032347
0.018607
0.039213
0.028383
0.025010
0.041956
0.038925
0.032773
0.033200
0.066250
0.019437
0.032489
0.028665
0.032205
0.032631
0.022913
0.035197
0.020269
0.026554
0.015847
0.045588
0.031353
0.022495
0.026835
0.025010
0.034197
0.015847
0.019437
0.032631
0.035340
0.025150
0.037201
0.034911
0.037201
0.023611
0.021103
0.035340
0.035483
0.041088
0.043551
0.032489
0.024590
0.023611
0.033485
0.036055
0.028524
0.047047
0.022634
0.028101
0.031070
0.035340
0.018053
0.037631
0.033200
0.044714
0.033770
0.029654
0.021520
0.031070
0.034625
0.030786
0.017501
0.028242
0.037631
0.032916
0.024310
0.025571
0.027961
0.011600
0.021103
0.018745
0.029654
0.031637
0.019992
0.026413
0.031637
0.030361
0.022356
0.033912
0.027679
0.033058
0.031921
0.028807
0.024730
0.022913
0.026273
0.020686
0.038206
0.016260
0.012966
0.010237
0.012146
0.022774
0.019160
0.025711
0.017501
0.012009
0.014199
0.019714
0.013240
0.017225
0.019022
0.012556
0.025290
0.017777
0.009557
0.015710
0.019437
0.066250
0.017087
0.016260
0.019714
0.013925
0.015160
0.013377
0.016811
0.015847
0.012009
0.020686
0.022913
0.012419
0.019714
0.017915
0.016398
0.009965
0.010237
0.016949
0.013925
0.012419
0.022634
0.020408
0.018192
0.010918
0.010782
0.018330
0.014610
0.018192
0.023053
0.013514
0.012419
0.012692
0.015022
0.016811
0.018192
0.022495
0.013514
0.018330
0.012556
0.012829
0.009829
0.012692
0.014473
0.023332
0.021659
0.018468
0.010645
0.012829
0.015572
0.015435
0.012692
0.017225
0.016122
0.015022
0.016536
0.012556
0.015160
0.009965
0.018468
0.015710
0.010782
0.014062
0.012009
0.016536
0.015572
0.016122
0.019576
0.018330
0.014473
0.015022
0.017087
0.016122
0.011463
0.013514
0.018883
0.009829
0.015847
0.023053
0.017915
0.019992
0.015572
0.032347
0.028524
0.024870
0.024031
0.018053
0.024310
0.028524
0.013377
0.025711
0.027820
0.019299
0.028665
0.025992
0.021242
0.026554
0.032489
0.017087
0.066250
0.019299
0.028242
0.034197
0.015022
0.033770
0.023611
0.020269
0.018192
0.029513
0.034911
0.018883
0.021798
0.025571
0.030361
0.011600
0.014062
0.026554
0.022495
0.015022
0.031070
0.024170
0.030078
0.015297
0.019576
0.028242
0.030786
0.027961
0.033058
0.027397
0.016811
0.016536
0.025150
0.030786
0.026975
0.030078
0.016673
0.021659
0.023751
0.025290
0.013514
0.026835
0.018192
0.029230
0.026835
0.021798
0.016673
0.016949
0.027397
0.021381
0.020964
0.018883
0.026132
0.017915
0.022216
0.023192
0.021659
0.012966
0.040655
0.018192
0.025290
0.021520
0.020825
0.018330
0.023751
0.026273
0.023472
0.023192
0.020131
0.021242
0.022913
0.029937
0.018745
0.016673
0.020686
0.035626
0.026132
0.019437
0.011054
0.014610
0.018192
0.024590
0.027538
0.015435
0.019022
0.016673
0.022077
0.019437
0.017777
0.020269
0.020269
0.014336
0.022634
0.024031
0.015710
0.023891
0.028665
0.016260
0.019299
0.066250
0.019160
0.019022
0.016673
0.022774
0.013788
0.020686
0.018468
0.029795
0.024730
0.013925
0.017225
0.018745
0.020269
0.013514
0.011600
0.014748
0.019299
0.025711
0.019853
0.023611
0.026835
0.009150
0.011054
0.015985
0.021659
0.019576
0.025711
0.025431
0.018192
0.016398
0.026554
0.016398
0.014473
0.022913
0.020686
0.016949
0.020964
0.020408
0.011054
0.016949
0.017501
0.023611
0.027397
0.023053
0.015985
0.015985
0.021103
0.023891
0.014062
0.016536
0.025290
0.015297
0.019022
0.017363
0.022216
0.006847
0.014748
0.015435
0.013650
0.016673
0.017915
0.020269
0.020408
0.017777
0.018745
0.017915
0.020686
0.023332
0.033200
0.019299
0.015160
0.020686
0.017225
0.010918
0.018745
0.023751
0.014336
0.017915
0.018745
0.034483
0.030078
0.016122
0.023891
0.019299
0.028101
0.029937
0.018330
0.025010
0.024450
0.017087
0.032489
0.029371
0.023751
0.027820
0.032205
0.019714
0.028242
0.019160
0.066250
0.028665
0.017087
0.027820
0.020131
0.026273
0.015985
0.035912
0.033770
0.018468
0.022216
0.026694
0.032773
0.010645
0.013103
0.030220
0.022216
0.015572
0.028665
0.024170
0.029513
0.014885
0.021659
0.027961
0.027820
0.026413
0.030928
0.025150
0.019714
0.019160
0.025150
0.029371
0.020131
0.030644
0.016536
0.026554
0.025851
0.027116
0.020825
0.021938
0.032489
0.029937
0.026132
0.030928
0.017363
0.021103
0.025290
0.020825
0.017363
0.019576
0.025711
0.021659
0.024031
0.019022
0.020686
0.014062
0.017639
0.020964
0.019992
0.025571
0.022077
0.024170
0.029371
0.025010
0.017363
0.025290
0.021659
0.020408
0.018607
0.024310
0.016398
0.025571
0.021520
0.016260
0.022913
0.026554
0.022495
0.026413
0.015022
0.035483
0.030928
0.019160
0.024870
0.014885
0.026975
0.025851
0.019992
0.020964
0.025431
0.021242
0.027538
0.029937
0.028101
0.030503
0.032631
0.013925
0.034197
0.019022
0.028665
0.066250
0.018192
0.046171
0.024730
0.022495
0.018468
0.031353
0.033485
0.024730
0.025290
0.020686
0.045442
0.013925
0.016398
0.028101
0.029230
0.017777
0.033200
0.031637
0.032773
0.019299
0.020131
0.025571
0.031070
0.032916
0.036055
0.031070
0.019714
0.022077
0.022774
0.029795
0.018607
0.030078
0.021381
0.028383
0.026694
0.029654
0.017639
0.023332
0.019714
0.027538
0.027397
0.019576
0.023053
0.019437
0.028948
0.025010
0.021659
0.023332
0.022495
0.028948
0.017777
0.023891
0.019022
0.012282
0.023472
0.013925
0.027397
0.028948
0.027820
0.027257
0.031779
0.022495
0.024590
0.029230
0.016122
0.025571
0.021242
0.024450
0.014748
0.018192
0.025431
0.026975
0.027116
0.016949
0.015435
0.016122
0.013514
0.026975
0.025010
0.011873
0.017777
0.011463
0.020964
0.017915
0.016536
0.024310
0.020825
0.014473
0.027820
0.022216
0.015572
0.022216
0.022913
0.015160
0.015022
0.016673
0.017087
0.018192
0.066250
0.018883
0.013788
0.016122
0.017915
0.027397
0.021938
0.016122
0.015022
0.020964
0.018883
0.009557
0.007794
0.017087
0.016673
0.010782
0.021242
0.018607
0.020686
0.013925
0.011600
0.020964
0.019160
0.025150
0.024170
0.021938
0.030078
0.033200
0.017915
0.020964
0.015847
0.024870
0.016536
0.021103
0.015160
0.018745
0.011463
0.018883
0.023053
0.026413
0.020269
0.022356
0.013925
0.016673
0.018468
0.021242
0.012282
0.017087
0.017087
0.017225
0.015435
0.018330
0.023891
0.007794
0.012419
0.015710
0.018053
0.024170
0.017225
0.019160
0.025290
0.020825
0.020964
0.020131
0.014885
0.013377
0.016536
0.015297
0.012146
0.021103
0.019853
0.009557
0.020408
0.024170
0.028101
0.024031
0.021520
0.036771
0.032347
0.021798
0.028101
0.018330
0.031353
0.030503
0.023192
0.025571
0.025290
0.019853
0.033343
0.036628
0.029795
0.034055
0.035197
0.013377
0.033770
0.022774
0.027820
0.046171
0.018883
0.066250
0.019853
0.023472
0.021938
0.034197
0.039501
0.025851
0.025150
0.021520
0.046317
0.014199
0.018330
0.028242
0.033058
0.017087
0.034911
0.032631
0.038350
0.021798
0.018883
0.033200
0.036628
0.036198
0.037775
0.033770
0.027820
0.021381
0.027679
0.033912
0.021938
0.033200
0.021938
0.023751
0.028524
0.032347
0.015160
0.023751
0.025431
0.032347
0.031211
0.023332
0.022216
0.020131
0.030928
0.026975
0.023192
0.023751
0.029230
0.031070
0.022077
0.027961
0.026273
0.009965
0.027961
0.019992
0.028383
0.029937
0.022774
0.026835
0.030786
0.023472
0.028665
0.029230
0.020825
0.027538
0.025150
0.025290
0.019714
0.020825
0.023751
0.026132
0.030786
0.020686
0.014199
0.018192
0.009693
0.018468
0.027538
0.015710
0.021381
0.015297
0.017501
0.020964
0.015985
0.017225
0.018883
0.014473
0.022077
0.016811
0.021381
0.019714
0.020269
0.016811
0.023611
0.013788
0.020131
0.024730
0.013788
0.019853
0.066250
0.016260
0.015985
0.021938
0.022216
0.015710
0.017087
0.020686
0.022634
0.011327
0.008878
0.015572
0.021938
0.011600
0.020131
0.022634
0.020825
0.012282
0.015297
0.017501
0.016811
0.022216
0.024031
0.020131
0.016536
0.012966
0.017915
0.015985
0.014748
0.019992
0.011191
0.014748
0.018883
0.014336
0.012966
0.015710
0.015297
0.019853
0.023332
0.017363
0.012146
0.011191
0.016811
0.017087
0.012692
0.012966
0.019299
0.017363
0.012692
0.019576
0.014062
0.006576
0.020825
0.012146
0.015297
0.021798
0.012829
0.012556
0.018607
0.021381
0.018053
0.018883
0.016811
0.018468
0.017363
0.017225
0.010509
0.015297
0.019160
0.013925
0.018053
0.030786
0.019992
0.020131
0.016398
0.035340
0.026273
0.015435
0.031779
0.019576
0.024031
0.026975
0.016811
0.029230
0.023751
0.014336
0.031353
0.032063
0.027397
0.032916
0.026554
0.015847
0.020269
0.020686
0.026273
0.022495
0.016122
0.023472
0.016260
0.066250
0.016536
0.031921
0.031070
0.020547
0.021381
0.029795
0.023192
0.009014
0.015160
0.024730
0.022774
0.017363
0.023332
0.027257
0.025992
0.018468
0.015160
0.030503
0.028524
0.030928
0.032773
0.023891
0.020547
0.021242
0.025571
0.024310
0.013240
0.032347
0.019437
0.019022
0.024170
0.023332
0.015022
0.025010
0.026554
0.032489
0.027961
0.035483
0.020825
0.026554
0.027397
0.016122
0.017639
0.017915
0.023611
0.026835
0.020686
0.019853
0.021798
0.013514
0.013925
0.018192
0.018883
0.025992
0.018883
0.022634
0.027257
0.029654
0.017915
0.030361
0.016260
0.023053
0.028807
0.019437
0.015435
0.021938
0.021798
0.011054
0.027257
0.015985
0.015297
0.017639
0.012282
0.021659
0.024730
0.013103
0.010101
0.017915
0.018745
0.019992
0.020269
0.017777
0.016949
0.015847
0.025851
0.017087
0.021938
0.023751
0.015847
0.012009
0.018192
0.018468
0.015985
0.018468
0.017915
0.021938
0.015985
0.016536
0.066250
0.021798
0.022495
0.013788
0.017501
0.015572
0.018883
0.014062
0.009421
0.016260
0.017915
0.011327
0.018330
0.018053
0.025010
0.009014
0.012692
0.026273
0.020131
0.019299
0.022634
0.018607
0.018468
0.024730
0.018745
0.016536
0.010509
0.020547
0.014610
0.015160
0.018053
0.023192
0.008742
0.012419
0.016949
0.018053
0.025711
0.014748
0.012692
0.010918
0.018607
0.019992
0.013650
0.015572
0.018883
0.013788
0.016536
0.022774
0.014610
0.009693
0.012966
0.016398
0.012966
0.017915
0.011054
0.014336
0.023472
0.015572
0.024170
0.019299
0.015435
0.011736
0.017915
0.010782
0.012419
0.015572
0.021103
0.011054
0.020964
0.036341
0.016949
0.027257
0.024310
0.044714
0.037488
0.020964
0.027820
0.021242
0.034625
0.035197
0.018053
0.035197
0.031637
0.023611
0.039645
0.038925
0.033485
0.036628
0.045588
0.020686
0.029513
0.029795
0.035912
0.031353
0.027397
0.034197
0.021938
0.031921
0.021798
0.066250
0.033058
0.025571
0.026694
0.030928
0.030644
0.013377
0.017501
0.033343
0.033485
0.025290
0.037488
0.031637
0.039357
0.019576
0.023891
0.038493
0.035483
0.038925
0.046025
0.032916
0.029089
0.026975
0.032773
0.031070
0.026273
0.044568
0.023611
0.032489
0.029513
0.032916
0.014748
0.036914
0.039069
0.044277
0.037631
0.033912
0.019299
0.031637
0.033770
0.032205
0.019992
0.028101
0.039357
0.031211
0.026554
0.025851
0.033200
0.013377
0.019853
0.018883
0.033058
0.034055
0.022077
0.026413
0.033485
0.034055
0.025431
0.035912
0.026554
0.031070
0.028807
0.031921
0.023192
0.024031
0.033200
0.019992
0.038206
0.025010
0.024590
0.021381
0.019714
0.039933
0.034768
0.022774
0.027257
0.023891
0.026273
0.028948
0.022077
0.028524
0.028524
0.023053
0.033343
0.032347
0.026273
0.029795
0.031353
0.022913
0.034911
0.024730
0.033770
0.033485
0.021938
0.039501
0.022216
0.031070
0.022495
0.033058
0.066250
0.021381
0.027679
0.030220
0.033058
0.011191
0.017915
0.027679
0.029230
0.017639
0.034911
0.030786
0.035340
0.021798
0.021242
0.033627
0.033912
0.031779
0.036055
0.030644
0.029089
0.025851
0.031070
0.027679
0.023751
0.034055
0.028242
0.026413
0.025711
0.027257
0.016122
0.027820
0.025992
0.034911
0.031070
0.032916
0.021381
0.026132
0.033627
0.026413
0.025290
0.021659
0.028807
0.029654
0.027397
0.025290
0.022913
0.016811
0.029089
0.019576
0.024870
0.025992
0.023053
0.024031
0.031070
0.028524
0.029371
0.030078
0.020408
0.023472
0.029937
0.019853
0.022774
0.021798
0.029513
0.022774
0.033912
0.018883
0.016673
0.020408
0.016673
0.022356
0.019853
0.011327
0.020131
0.010918
0.021103
0.020825
0.010645
0.020269
0.025431
0.015435
0.022077
0.022913
0.020269
0.023332
0.022495
0.012419
0.018883
0.013925
0.018468
0.024730
0.016122
0.025851
0.015710
0.020547
0.013788
0.025571
0.021381
0.066250
0.018468
0.011873
0.018192
0.009421
0.011873
0.022216
0.021938
0.011054
0.019299
0.017777
0.024031
0.013925
0.011463
0.020547
0.021659
0.025992
0.024310
0.019576
0.021659
0.019576
0.019437
0.020547
0.015710
0.023053
0.014062
0.019022
0.018053
0.018053
0.011463
0.019022
0.017915
0.022495
0.019853
0.012556
0.012419
0.017777
0.021938
0.015435
0.013377
0.015572
0.020686
0.019853
0.018053
0.017501
0.021103
0.010237
0.013788
0.012692
0.021938
0.021103
0.018745
0.018745
0.019714
0.022356
0.015160
0.025150
0.017777
0.016673
0.016673
0.013514
0.012282
0.011600
0.019714
0.013514
0.021242
0.021242
0.017363
0.015847
0.019576
0.027538
0.027397
0.025851
0.022634
0.019853
0.027679
0.030928
0.013377
0.021520
0.019853
0.021798
0.025711
0.023053
0.019714
0.025290
0.026835
0.019714
0.021798
0.017225
0.022216
0.025290
0.015022
0.025150
0.017087
0.021381
0.017501
0.026694
0.027679
0.018468
0.066250
0.016536
0.023472
0.008878
0.020825
0.020131
0.023472
0.015985
0.027397
0.027679
0.030220
0.016949
0.016398
0.022356
0.021659
0.023332
0.030078
0.022356
0.019022
0.020408
0.026554
0.023192
0.025150
0.028242
0.019853
0.024310
0.022077
0.022216
0.015572
0.018053
0.018053
0.024730
0.029230
0.018468
0.014473
0.020686
0.030786
0.016949
0.020686
0.026835
0.030644
0.024450
0.023611
0.018053
0.015160
0.019160
0.018745
0.019022
0.021381
0.021938
0.017225
0.020825
0.026273
0.025010
0.031070
0.026273
0.020408
0.017501
0.020686
0.019576
0.018192
0.015985
0.027679
0.018468
0.026413
0.023332
0.017087
0.020686
0.012556
0.029371
0.020269
0.016811
0.025290
0.015710
0.019714
0.023192
0.017639
0.021242
0.023891
0.013514
0.027820
0.023891
0.021242
0.022913
0.025010
0.017915
0.025571
0.018745
0.026694
0.020686
0.020964
0.021520
0.020686
0.029795
0.015572
0.030928
0.030220
0.011873
0.016536
0.066250
0.017777
0.012146
0.010918
0.019714
0.021659
0.014610
0.025010
0.022077
0.022634
0.014610
0.015572
0.025571
0.025290
0.025851
0.031211
0.021242
0.024031
0.018053
0.026835
0.018192
0.018192
0.028665
0.020547
0.018053
0.017363
0.021659
0.015297
0.019160
0.019160
0.028807
0.024730
0.038925
0.014610
0.016536
0.018468
0.017777
0.011873
0.017777
0.019992
0.020686
0.017639
0.022216
0.023472
0.011327
0.017777
0.012556
0.016260
0.019160
0.014199
0.020269
0.018745
0.021381
0.016811
0.025851
0.016536
0.022913
0.026554
0.022356
0.013650
0.029230
0.018468
0.015435
0.021381
0.025431
0.021798
0.024310
0.017087
0.035912
0.034197
0.018468
0.024170
0.019022
0.031211
0.028665
0.022774
0.027257
0.026975
0.021798
0.031921
0.031211
0.026835
0.034625
0.034197
0.016398
0.030361
0.020269
0.032773
0.045442
0.018883
0.046317
0.022634
0.023192
0.018883
0.030644
0.033058
0.018192
0.023472
0.017777
0.066250
0.014336
0.014336
0.026132
0.027961
0.019160
0.031637
0.027538
0.031211
0.022356
0.021381
0.026273
0.033058
0.031779
0.035054
0.033485
0.020131
0.022216
0.023192
0.032916
0.021520
0.029371
0.021381
0.024730
0.028524
0.034483
0.016398
0.025851
0.024310
0.026975
0.029230
0.022495
0.019853
0.015847
0.031070
0.024730
0.023053
0.022774
0.027116
0.029089
0.017639
0.022216
0.021798
0.009150
0.026273
0.018883
0.022913
0.027679
0.023192
0.025992
0.028383
0.026132
0.030220
0.027397
0.020964
0.024590
0.023192
0.025571
0.014885
0.018330
0.024450
0.022216
0.027961
0.012419
0.014610
0.013650
0.005901
0.015297
0.014473
0.010918
0.008607
0.014062
0.011736
0.011054
0.022356
0.011463
0.013514
0.011463
0.015160
0.009829
0.016949
0.013514
0.015847
0.009965
0.011600
0.013514
0.010645
0.013925
0.009557
0.014199
0.011327
0.009014
0.014062
0.013377
0.011191
0.009421
0.008878
0.012146
0.014336
0.066250
0.006847
0.013788
0.011327
0.012966
0.012829
0.011463
0.015435
0.014062
0.012556
0.010645
0.014885
0.012419
0.013788
0.012829
0.008336
0.012692
0.014062
0.010509
0.009285
0.014062
0.009421
0.010645
0.011600
0.014748
0.008336
0.007252
0.010509
0.010645
0.012009
0.009693
0.008607
0.006982
0.010645
0.013377
0.009285
0.011191
0.013925
0.010782
0.008742
0.013514
0.009965
0.005632
0.011054
0.009014
0.008065
0.009965
0.008200
0.008065
0.010101
0.010918
0.014885
0.011600
0.009014
0.010782
0.011054
0.009557
0.005632
0.010645
0.007388
0.007117
0.011873
0.019437
0.009829
0.010237
0.011736
0.020269
0.017777
0.014748
0.018607
0.012692
0.019299
0.016536
0.009829
0.014336
0.012829
0.015985
0.018053
0.017225
0.013514
0.018468
0.019437
0.010237
0.014062
0.011600
0.013103
0.016398
0.007794
0.018330
0.008878
0.015160
0.009421
0.017501
0.017915
0.011873
0.020825
0.010918
0.014336
0.006847
0.066250
0.014610
0.016398
0.014199
0.019992
0.019299
0.021381
0.014473
0.012966
0.020131
0.016536
0.017225
0.018745
0.014199
0.010373
0.012556
0.016536
0.016811
0.014199
0.022913
0.011463
0.016260
0.016811
0.016949
0.009150
0.012829
0.013240
0.018607
0.014336
0.013103
0.011191
0.016673
0.017777
0.015160
0.012966
0.022495
0.016260
0.015572
0.014885
0.014199
0.015297
0.009557
0.011736
0.009557
0.027397
0.012556
0.012146
0.013240
0.014062
0.015435
0.013514
0.021520
0.011873
0.020686
0.015160
0.011600
0.026132
0.008878
0.014473
0.012419
0.021103
0.028807
0.017363
0.023891
0.020825
0.040078
0.027820
0.022077
0.020269
0.016811
0.026273
0.036771
0.018883
0.030220
0.029937
0.022495
0.031353
0.034340
0.024870
0.031353
0.032631
0.016949
0.026554
0.014748
0.030220
0.028101
0.017087
0.028242
0.015572
0.024730
0.016260
0.033343
0.027679
0.022216
0.020131
0.019714
0.026132
0.013788
0.014610
0.066250
0.023891
0.016811
0.028524
0.025851
0.028665
0.017639
0.020825
0.028665
0.035483
0.032916
0.032631
0.023751
0.025150
0.020131
0.027397
0.026273
0.020408
0.034911
0.020964
0.025851
0.026132
0.030644
0.019576
0.025711
0.024730
0.033200
0.025571
0.023891
0.017363
0.031211
0.022913
0.022774
0.021659
0.022216
0.028101
0.029230
0.023472
0.015985
0.024590
0.014748
0.019160
0.024031
0.021381
0.020964
0.022077
0.022634
0.023751
0.033770
0.015985
0.026413
0.017639
0.023751
0.017363
0.024170
0.015847
0.018192
0.024590
0.023472
0.024870
0.023192
0.020131
0.025571
0.020964
0.030361
0.030503
0.019299
0.021520
0.019022
0.033058
0.026835
0.016536
0.028948
0.024310
0.020686
0.028242
0.027397
0.028383
0.030644
0.035340
0.013925
0.022495
0.019299
0.022216
0.029230
0.016673
0.033058
0.021938
0.022774
0.017915
0.033485
0.029230
0.021938
0.023472
0.021659
0.027961
0.011327
0.016398
0.023891
0.066250
0.026554
0.030644
0.029513
0.033912
0.017915
0.013514
0.021242
0.029230
0.032347
0.033058
0.024170
0.020408
0.021798
0.025571
0.025431
0.021520
0.027538
0.020547
0.020547
0.032773
0.028524
0.016811
0.020825
0.023891
0.029795
0.027820
0.023611
0.021798
0.024170
0.023053
0.027961
0.015847
0.026835
0.027820
0.026413
0.017225
0.021659
0.022774
0.012829
0.020964
0.015572
0.022913
0.024590
0.017639
0.020964
0.024031
0.025431
0.022356
0.023611
0.017915
0.028101
0.025010
0.020825
0.018053
0.017915
0.023611
0.018468
0.028383
0.019992
0.013240
0.015435
0.018192
0.023332
0.022913
0.014336
0.015710
0.015847
0.017501
0.021520
0.012146
0.020408
0.018468
0.015572
0.019299
0.021242
0.016673
0.024870
0.025150
0.012419
0.015022
0.025711
0.015572
0.017777
0.010782
0.017087
0.011600
0.017363
0.011327
0.025290
0.017639
0.011054
0.015985
0.014610
0.019160
0.012966
0.014199
0.016811
0.026554
0.066250
0.021798
0.021798
0.022356
0.012282
0.012009
0.017087
0.023472
0.018053
0.022356
0.018192
0.017777
0.014199
0.017363
0.020408
0.015435
0.021242
0.015572
0.016673
0.026975
0.020686
0.011191
0.017915
0.017915
0.020547
0.022077
0.015572
0.017501
0.012829
0.019022
0.017639
0.012692
0.016260
0.021798
0.019576
0.013788
0.012146
0.018745
0.008742
0.014610
0.014199
0.013650
0.015572
0.014199
0.011873
0.018468
0.017501
0.015572
0.019853
0.016673
0.033912
0.018607
0.016398
0.012966
0.012556
0.015435
0.011600
0.024870
0.035483
0.028242
0.022077
0.021242
0.040078
0.030220
0.022216
0.025571
0.018607
0.030078
0.036198
0.016811
0.029654
0.026975
0.023891
0.035769
0.040222
0.025571
0.034055
0.037201
0.022634
0.031070
0.019853
0.028665
0.033200
0.021242
0.034911
0.020131
0.023332
0.018330
0.037488
0.034911
0.019299
0.027397
0.025010
0.031637
0.012829
0.019992
0.028524
0.030644
0.021798
0.066250
0.036198
0.032631
0.020686
0.022356
0.026694
0.030220
0.033343
0.038637
0.028665
0.030644
0.019714
0.026694
0.031779
0.022077
0.037201
0.023332
0.028948
0.022774
0.031070
0.016260
0.026413
0.024590
0.036484
0.034197
0.025851
0.019160
0.019437
0.028948
0.023472
0.020131
0.030503
0.034768
0.029371
0.022495
0.022913
0.026132
0.011873
0.022077
0.016122
0.025851
0.026413
0.020408
0.022774
0.031495
0.025992
0.022634
0.029371
0.023611
0.029089
0.021798
0.024870
0.019992
0.018330
0.025431
0.020547
0.031921
0.025711
0.020269
0.022913
0.025992
0.033343
0.036341
0.027820
0.034197
0.021798
0.025290
0.030361
0.019299
0.025290
0.023332
0.024310
0.032205
0.037488
0.025290
0.031070
0.034911
0.020408
0.024170
0.023611
0.024170
0.031637
0.018607
0.032631
0.022634
0.027257
0.018053
0.031637
0.030786
0.017777
0.027679
0.022077
0.027538
0.011463
0.019299
0.025851
0.029513
0.021798
0.036198
0.066250
0.032347
0.021659
0.017225
0.024870
0.030928
0.029654
0.033770
0.026554
0.022913
0.025711
0.026413
0.023611
0.025992
0.031921
0.031211
0.025431
0.025010
0.027257
0.016122
0.025711
0.026273
0.033343
0.024870
0.026413
0.032631
0.024730
0.024450
0.025571
0.026413
0.025992
0.032205
0.031211
0.021798
0.029230
0.020547
0.013514
0.022216
0.016811
0.023891
0.021520
0.017501
0.021103
0.025431
0.026975
0.023192
0.025711
0.018053
0.030786
0.022774
0.023751
0.018330
0.018192
0.019299
0.023751
0.026132
0.031921
0.017363
0.025992
0.025571
0.038493
0.038350
0.022216
0.027257
0.026132
0.033770
0.039357
0.022774
0.033058
0.036055
0.027820
0.037631
0.036341
0.031495
0.031921
0.037201
0.018192
0.030078
0.026835
0.029513
0.032773
0.020686
0.038350
0.020825
0.025992
0.025010
0.039357
0.035340
0.024031
0.030220
0.022634
0.031211
0.015435
0.021381
0.028665
0.033912
0.022356
0.032631
0.032347
0.066250
0.026132
0.020686
0.034768
0.035197
0.036628
0.041811
0.035483
0.025290
0.024031
0.034625
0.028665
0.028665
0.039213
0.025431
0.027397
0.032773
0.037058
0.016122
0.025571
0.030928
0.035054
0.036914
0.029089
0.023472
0.025150
0.033200
0.034768
0.025711
0.032773
0.032063
0.029513
0.023891
0.025711
0.027961
0.013788
0.026132
0.017501
0.029795
0.028807
0.021103
0.025992
0.033200
0.035340
0.028383
0.029795
0.023611
0.027116
0.031070
0.025851
0.022077
0.020964
0.029371
0.023472
0.032063
0.019853
0.014748
0.013788
0.014336
0.022216
0.018192
0.015160
0.020825
0.015710
0.021242
0.021381
0.014336
0.015297
0.022216
0.026554
0.023332
0.019992
0.014610
0.015435
0.023611
0.010918
0.015297
0.009150
0.014885
0.019299
0.013925
0.021798
0.012282
0.018468
0.009014
0.019576
0.021798
0.013925
0.016949
0.014610
0.022356
0.014062
0.014473
0.017639
0.017915
0.012282
0.020686
0.021659
0.026132
0.066250
0.015985
0.020547
0.023472
0.021938
0.022634
0.015847
0.012009
0.015985
0.022077
0.013514
0.016811
0.019853
0.014473
0.014199
0.019160
0.017777
0.014885
0.018745
0.017915
0.023332
0.019992
0.016398
0.015160
0.019160
0.020686
0.014885
0.012692
0.014885
0.018192
0.024310
0.012829
0.019853
0.016536
0.010373
0.016260
0.011191
0.021242
0.019714
0.013650
0.015160
0.012966
0.025010
0.014336
0.027679
0.015160
0.020686
0.018883
0.018607
0.012282
0.012829
0.015160
0.012692
0.019299
0.024170
0.010782
0.014062
0.013514
0.022913
0.025010
0.011463
0.014748
0.012966
0.016260
0.021381
0.014336
0.016949
0.017501
0.012829
0.018883
0.019853
0.018192
0.021381
0.021103
0.010782
0.019576
0.011054
0.021659
0.020131
0.011600
0.018883
0.015297
0.015160
0.012692
0.023891
0.021242
0.011463
0.016398
0.015572
0.021381
0.012556
0.012966
0.020825
0.013514
0.012009
0.022356
0.017225
0.020686
0.015985
0.066250
0.023611
0.016398
0.020269
0.017225
0.019853
0.012146
0.013240
0.023751
0.021242
0.011736
0.021798
0.009014
0.017225
0.016260
0.020825
0.013103
0.021938
0.019853
0.016673
0.017087
0.018330
0.009421
0.015022
0.024031
0.012419
0.015160
0.021242
0.019576
0.014610
0.017087
0.021798
0.015160
0.009150
0.011463
0.015297
0.016398
0.013377
0.013377
0.015710
0.015022
0.024310
0.015572
0.020408
0.012419
0.013377
0.014336
0.014062
0.013514
0.013925
0.018192
0.009285
0.022356
0.034197
0.018192
0.016673
0.018607
0.043261
0.028807
0.014473
0.025711
0.016673
0.022634
0.030644
0.014473
0.027397
0.022216
0.016811
0.038925
0.034625
0.023891
0.034055
0.035340
0.018330
0.028242
0.015985
0.027961
0.025571
0.020964
0.033200
0.017501
0.030503
0.026273
0.038493
0.033627
0.020547
0.022356
0.025571
0.026273
0.010645
0.020131
0.028665
0.021242
0.017087
0.026694
0.024870
0.034768
0.020547
0.023611
0.066250
0.034055
0.038493
0.041088
0.022913
0.024450
0.024031
0.027961
0.024031
0.020269
0.038350
0.017639
0.024310
0.026132
0.027538
0.015435
0.029230
0.028524
0.040944
0.029795
0.031637
0.018468
0.026554
0.029513
0.025150
0.021798
0.019576
0.031637
0.022077
0.023332
0.029371
0.027538
0.015435
0.019992
0.021938
0.029654
0.024730
0.021520
0.024450
0.028101
0.029937
0.021103
0.034483
0.021103
0.021938
0.023611
0.023611
0.019160
0.021103
0.026132
0.016811
0.031070
0.024031
0.024870
0.023332
0.018607
0.037775
0.031211
0.019853
0.027397
0.020269
0.029795
0.032631
0.018883
0.030078
0.028948
0.024590
0.041377
0.036914
0.028383
0.031637
0.035483
0.014610
0.030786
0.021659
0.027820
0.031070
0.019160
0.036628
0.016811
0.028524
0.020131
0.035483
0.033912
0.021659
0.021659
0.025290
0.033058
0.014885
0.016536
0.035483
0.029230
0.023472
0.030220
0.030928
0.035197
0.023472
0.016398
0.034055
0.066250
0.032347
0.035769
0.028242
0.025150
0.020964
0.032916
0.031495
0.019576
0.031353
0.024170
0.021103
0.031070
0.028383
0.018745
0.026835
0.029654
0.036914
0.032773
0.029089
0.019714
0.025851
0.030503
0.029371
0.018883
0.024031
0.025571
0.030928
0.021938
0.024450
0.030078
0.013377
0.026132
0.020825
0.024310
0.025290
0.023891
0.026694
0.025711
0.031495
0.023332
0.026554
0.027116
0.025711
0.029937
0.023332
0.015985
0.017225
0.024730
0.022356
0.029089
0.036914
0.019160
0.024450
0.019299
0.039789
0.029795
0.019714
0.029089
0.015710
0.027538
0.030361
0.017777
0.033200
0.027820
0.024031
0.037775
0.034625
0.027820
0.036628
0.041088
0.018192
0.027961
0.019576
0.026413
0.032916
0.025150
0.036198
0.022216
0.030928
0.019299
0.038925
0.031779
0.025992
0.023332
0.025851
0.031779
0.012419
0.017225
0.032916
0.032347
0.018053
0.033343
0.029654
0.036628
0.021938
0.020269
0.038493
0.032347
0.066250
0.040799
0.027820
0.031353
0.027961
0.030786
0.026413
0.024590
0.040655
0.020825
0.026273
0.029371
0.029230
0.016260
0.031637
0.025851
0.035626
0.027538
0.027820
0.018607
0.025571
0.027679
0.028948
0.020547
0.026132
0.031921
0.030078
0.022356
0.027679
0.032347
0.011054
0.019853
0.016398
0.032205
0.030928
0.026413
0.027257
0.028807
0.028524
0.021381
0.032205
0.023192
0.030928
0.025851
0.028383
0.020825
0.021103
0.024870
0.017087
0.033058
0.030786
0.026273
0.024730
0.019576
0.044859
0.037488
0.021659
0.030361
0.018745
0.033200
0.034340
0.019299
0.033058
0.031070
0.027257
0.039789
0.040655
0.028948
0.037919
0.043551
0.023053
0.033058
0.025711
0.030928
0.036055
0.024170
0.037775
0.024031
0.032773
0.022634
0.046025
0.036055
0.024310
0.030078
0.031211
0.035054
0.013788
0.018745
0.032631
0.033058
0.022356
0.038637
0.033770
0.041811
0.022634
0.017225
0.041088
0.035769
0.040799
0.066250
0.034483
0.032205
0.026413
0.031211
0.033912
0.028101
0.043841
0.027538
0.027679
0.027961
0.030786
0.018468
0.033912
0.029654
0.042246
0.033200
0.032916
0.025431
0.025851
0.030220
0.030786
0.024170
0.028101
0.032489
0.034768
0.027679
0.026132
0.033770
0.016536
0.024590
0.021520
0.030503
0.034768
0.028807
0.030786
0.035054
0.030644
0.027116
0.037058
0.025992
0.027679
0.028524
0.030220
0.022634
0.024170
0.025851
0.024450
0.034768
0.023053
0.016949
0.032631
0.020547
0.032347
0.030361
0.015572
0.022774
0.017777
0.026132
0.031495
0.021381
0.022634
0.025992
0.018883
0.026273
0.029513
0.033485
0.030503
0.032489
0.013514
0.027397
0.025431
0.025150
0.031070
0.021938
0.033770
0.020131
0.023891
0.018607
0.032916
0.030644
0.019576
0.022356
0.021242
0.033485
0.012829
0.014199
0.023751
0.024170
0.018192
0.028665
0.026554
0.035483
0.015847
0.019853
0.022913
0.028242
0.027820
0.034483
0.066250
0.029795
0.017915
0.030078
0.024870
0.018883
0.029654
0.022356
0.026413
0.025992
0.038350
0.014748
0.022913
0.028665
0.027961
0.029937
0.024870
0.018607
0.018607
0.027538
0.027679
0.018053
0.022495
0.023611
0.024870
0.024031
0.019853
0.025711
0.012419
0.017501
0.014199
0.026132
0.024870
0.023053
0.023053
0.025150
0.022356
0.025431
0.028807
0.024170
0.023472
0.023751
0.029230
0.018330
0.023472
0.027679
0.014885
0.026132
0.024870
0.017777
0.021938
0.021381
0.034768
0.027820
0.010237
0.022077
0.012009
0.018330
0.025290
0.016398
0.024170
0.022495
0.012966
0.027257
0.031495
0.020686
0.034055
0.024590
0.012419
0.016811
0.018192
0.019714
0.019714
0.030078
0.027820
0.016536
0.020547
0.018468
0.029089
0.029089
0.021659
0.019022
0.024031
0.020131
0.008336
0.010373
0.025150
0.020408
0.017777
0.030644
0.022913
0.025290
0.012009
0.012146
0.024450
0.025150
0.031353
0.032205
0.029795
0.066250
0.023751
0.017639
0.023751
0.015847
0.031921
0.018607
0.023891
0.020269
0.021798
0.012146
0.020408
0.021798
0.026413
0.022913
0.024450
0.020269
0.019022
0.021381
0.021520
0.021659
0.019853
0.026132
0.023192
0.021520
0.017501
0.027538
0.010509
0.012009
0.020408
0.020825
0.025431
0.021242
0.022356
0.026975
0.020269
0.019022
0.022913
0.021381
0.022077
0.017225
0.015847
0.014885
0.019992
0.022774
0.013377
0.024310
0.021520
0.017363
0.021798
0.018330
0.029937
0.020825
0.012829
0.020408
0.012419
0.026413
0.022356
0.017087
0.026835
0.021520
0.017501
0.025992
0.025431
0.023192
0.025150
0.023611
0.012692
0.016536
0.016398
0.019160
0.022077
0.033200
0.021381
0.012966
0.021242
0.024730
0.026975
0.025851
0.019576
0.020408
0.018053
0.022216
0.012692
0.012556
0.020131
0.021798
0.014199
0.019714
0.025711
0.024031
0.015985
0.013240
0.024031
0.020964
0.027961
0.026413
0.017915
0.023751
0.066250
0.019437
0.019853
0.018330
0.030361
0.017777
0.022077
0.016260
0.019022
0.012692
0.015022
0.024590
0.025711
0.020825
0.019299
0.016811
0.019160
0.017363
0.023751
0.016673
0.021938
0.024031
0.021938
0.017363
0.019576
0.020131
0.009014
0.015710
0.014885
0.020131
0.020964
0.016811
0.020131
0.025711
0.020131
0.019022
0.022077
0.017087
0.015985
0.016122
0.014885
0.016673
0.020131
0.022495
0.010918
0.021659
0.024310
0.015847
0.022495
0.016398
0.032489
0.031779
0.020547
0.024310
0.021798
0.026413
0.026554
0.024310
0.027397
0.029513
0.019853
0.027679
0.030928
0.024870
0.030644
0.033485
0.015022
0.025150
0.026554
0.025150
0.022774
0.017915
0.027679
0.017915
0.025571
0.018745
0.032773
0.031070
0.019437
0.026554
0.026835
0.023192
0.014062
0.016536
0.027397
0.025571
0.017363
0.026694
0.026413
0.034625
0.022077
0.023751
0.027961
0.032916
0.030786
0.031211
0.030078
0.017639
0.019437
0.066250
0.024310
0.018192
0.028242
0.023472
0.021938
0.021242
0.031353
0.017087
0.025711
0.023891
0.026835
0.028242
0.030786
0.017915
0.021520
0.034197
0.024170
0.014199
0.026273
0.025992
0.023332
0.024450
0.027397
0.023611
0.010645
0.018468
0.014473
0.020825
0.024310
0.019853
0.024170
0.020825
0.025571
0.024310
0.024170
0.022216
0.021659
0.031637
0.022913
0.017363
0.024031
0.020408
0.019437
0.026835
0.018607
0.022634
0.020686
0.020825
0.039789
0.031211
0.018192
0.022077
0.017501
0.032916
0.024590
0.018745
0.024450
0.023192
0.018330
0.025150
0.032205
0.025571
0.028665
0.036055
0.016811
0.030786
0.016398
0.029371
0.029795
0.020964
0.033912
0.015985
0.024310
0.016536
0.031070
0.027679
0.020547
0.023192
0.018192
0.032916
0.010509
0.016811
0.026273
0.025431
0.020408
0.031779
0.023611
0.028665
0.013514
0.021242
0.024031
0.031495
0.026413
0.033912
0.024870
0.023751
0.019853
0.024310
0.066250
0.022077
0.034483
0.017087
0.026273
0.023192
0.028665
0.014610
0.026132
0.026975
0.030361
0.030928
0.021938
0.019992
0.022216
0.037344
0.022913
0.020547
0.024730
0.026554
0.019853
0.026694
0.017501
0.027257
0.011600
0.018053
0.022356
0.019853
0.027820
0.020269
0.023332
0.034911
0.024870
0.021381
0.027538
0.021381
0.018468
0.022774
0.016260
0.015985
0.014473
0.025010
0.018192
0.033627
0.015435
0.016122
0.015297
0.022913
0.026975
0.025992
0.027116
0.016398
0.018745
0.027397
0.023611
0.016811
0.026132
0.025851
0.017915
0.025851
0.025992
0.015297
0.020825
0.028524
0.018192
0.026975
0.014473
0.020131
0.018607
0.015847
0.021938
0.014748
0.013240
0.010509
0.026273
0.023751
0.015710
0.025150
0.018192
0.021520
0.009285
0.014199
0.020408
0.021520
0.015435
0.022077
0.025992
0.028665
0.016811
0.011736
0.020269
0.019576
0.024590
0.028101
0.018883
0.015847
0.018330
0.018192
0.022077
0.066250
0.030928
0.020547
0.027538
0.020269
0.019437
0.011873
0.026132
0.019437
0.030361
0.026975
0.021659
0.015435
0.022913
0.024310
0.023891
0.019160
0.019853
0.025992
0.026413
0.022495
0.013377
0.018192
0.010918
0.019853
0.014336
0.016949
0.019576
0.014473
0.015847
0.021103
0.018607
0.025150
0.017501
0.015710
0.019576
0.019576
0.020131
0.015160
0.011463
0.025571
0.015710
0.023751
0.037775
0.020964
0.025431
0.025992
0.046901
0.035340
0.021520
0.027397
0.020131
0.032063
0.036914
0.016398
0.036055
0.033912
0.025711
0.043696
0.039213
0.027538
0.035483
0.047047
0.022495
0.030078
0.022913
0.030644
0.030078
0.024870
0.033200
0.019992
0.032347
0.020547
0.044568
0.034055
0.023053
0.028242
0.028665
0.029371
0.014062
0.022913
0.034911
0.027538
0.021242
0.037201
0.031921
0.039213
0.019853
0.021798
0.038350
0.031353
0.040655
0.043841
0.029654
0.031921
0.030361
0.028242
0.034483
0.030928
0.066250
0.021798
0.029089
0.027679
0.031070
0.015435
0.037201
0.032489
0.045733
0.035340
0.035483
0.021381
0.031637
0.031495
0.027397
0.028665
0.031070
0.033343
0.027820
0.025010
0.024450
0.028524
0.010918
0.021798
0.025992
0.033485
0.028101
0.024730
0.024590
0.030503
0.035483
0.025851
0.031637
0.021520
0.028665
0.028807
0.024450
0.026554
0.022634
0.031921
0.015160
0.035483
0.014199
0.014610
0.016673
0.015985
0.023192
0.021242
0.021103
0.017777
0.019853
0.017777
0.024170
0.016122
0.015847
0.017915
0.021381
0.020408
0.025711
0.017501
0.022077
0.022634
0.013514
0.016673
0.020686
0.016536
0.021381
0.016536
0.021938
0.011191
0.019437
0.014610
0.023611
0.028242
0.014062
0.019853
0.020547
0.021381
0.009421
0.011463
0.020964
0.020547
0.015572
0.023332
0.031211
0.025431
0.014473
0.009014
0.017639
0.024170
0.020825
0.027538
0.022356
0.018607
0.017777
0.023472
0.017087
0.020547
0.021798
0.066250
0.018053
0.020131
0.021659
0.012966
0.018192
0.019299
0.022495
0.018468
0.026554
0.023053
0.019160
0.020825
0.020269
0.016673
0.016949
0.019714
0.022774
0.018468
0.016949
0.017225
0.015572
0.016811
0.013240
0.016260
0.018607
0.014062
0.017639
0.019022
0.019576
0.021242
0.021103
0.017225
0.022495
0.018330
0.021242
0.014473
0.014610
0.015022
0.015985
0.017777
0.027961
0.014473
0.017639
0.028948
0.035197
0.025851
0.023332
0.018468
0.020408
0.024590
0.026835
0.016536
0.024450
0.022495
0.016398
0.026413
0.030644
0.019714
0.022913
0.028101
0.018330
0.021659
0.016949
0.026554
0.028383
0.021103
0.023751
0.014748
0.019022
0.015160
0.032489
0.026413
0.019022
0.024310
0.018053
0.024730
0.010645
0.016260
0.025851
0.020547
0.016673
0.028948
0.025431
0.027397
0.014199
0.017225
0.024310
0.021103
0.026273
0.027679
0.026413
0.023891
0.022077
0.021938
0.026273
0.027538
0.029089
0.018053
0.066250
0.027257
0.022774
0.015985
0.026975
0.022216
0.032489
0.029371
0.023472
0.015710
0.022495
0.026554
0.025431
0.014199
0.022634
0.024450
0.021381
0.027961
0.016673
0.019437
0.015985
0.013240
0.014885
0.021798
0.019437
0.020269
0.022913
0.023192
0.020964
0.020964
0.023472
0.023472
0.019299
0.018745
0.021938
0.017501
0.019714
0.032631
0.015710
0.025571
0.025992
0.016673
0.021242
0.024310
0.030361
0.030220
0.017639
0.018053
0.021103
0.025571
0.026554
0.015297
0.024310
0.023891
0.017363
0.025571
0.027257
0.026273
0.023611
0.031070
0.012556
0.023751
0.020964
0.025851
0.026694
0.015160
0.028524
0.018883
0.024170
0.018053
0.029513
0.025711
0.018053
0.022077
0.017363
0.028524
0.011600
0.016811
0.026132
0.032773
0.026975
0.022774
0.025010
0.032773
0.019160
0.016260
0.026132
0.031070
0.029371
0.027961
0.025992
0.020269
0.016260
0.021242
0.023192
0.020269
0.027679
0.020131
0.027257
0.066250
0.024450
0.016673
0.025851
0.027257
0.025851
0.029654
0.021103
0.020825
0.024031
0.028524
0.024170
0.015297
0.023611
0.027397
0.027257
0.021938
0.019576
0.019299
0.014062
0.017777
0.013103
0.026694
0.020964
0.018745
0.020547
0.023611
0.025571
0.019299
0.021520
0.016811
0.029089
0.021520
0.016673
0.018053
0.015297
0.025010
0.017225
0.028383
0.025571
0.016811
0.034197
0.018745
0.031353
0.029654
0.019437
0.018192
0.023751
0.032347
0.030503
0.023053
0.028383
0.023611
0.017363
0.027679
0.025150
0.040222
0.034055
0.035340
0.012829
0.025290
0.020408
0.027116
0.029654
0.018745
0.032347
0.014336
0.023332
0.023192
0.032916
0.027257
0.018053
0.022216
0.021659
0.034483
0.014748
0.016949
0.030644
0.028524
0.020686
0.031070
0.027257
0.037058
0.017777
0.020825
0.027538
0.028383
0.029230
0.030786
0.038350
0.021798
0.019022
0.031353
0.028665
0.019437
0.031070
0.021659
0.022774
0.024450
0.066250
0.014473
0.024170
0.029230
0.025290
0.030078
0.028242
0.019022
0.018053
0.029654
0.031211
0.020269
0.028242
0.028524
0.022634
0.022216
0.022495
0.020686
0.015847
0.018468
0.016536
0.027820
0.022356
0.021242
0.023192
0.026132
0.026694
0.029654
0.026413
0.021242
0.020686
0.029513
0.021938
0.017225
0.023611
0.026975
0.017639
0.030078
0.012419
0.011054
0.011873
0.014199
0.017915
0.014473
0.009693
0.022495
0.009557
0.014473
0.019714
0.010918
0.013377
0.014062
0.010101
0.014473
0.017363
0.017225
0.015985
0.018053
0.009829
0.013514
0.011054
0.020825
0.017639
0.011463
0.015160
0.012966
0.015022
0.008742
0.014748
0.016122
0.011463
0.015572
0.015297
0.016398
0.008336
0.009150
0.019576
0.016811
0.011191
0.016260
0.016122
0.016122
0.014885
0.013103
0.015435
0.018745
0.016260
0.018468
0.014748
0.012146
0.012692
0.017087
0.014610
0.011873
0.015435
0.012966
0.015985
0.016673
0.014473
0.066250
0.016260
0.016260
0.018883
0.011463
0.018192
0.012692
0.014336
0.014336
0.012692
0.010918
0.014748
0.015847
0.018192
0.010509
0.013103
0.016673
0.007117
0.011191
0.013103
0.016398
0.015297
0.017363
0.017087
0.012966
0.018053
0.010918
0.015297
0.014885
0.013377
0.013377
0.013377
0.006847
0.014473
0.013788
0.012966
0.012692
0.029654
0.011191
0.016398
0.018330
0.037201
0.030503
0.020408
0.024730
0.015710
0.025290
0.025711
0.014610
0.025851
0.027397
0.015022
0.028524
0.034768
0.019437
0.026413
0.037631
0.012692
0.026835
0.016949
0.021938
0.023332
0.018883
0.023751
0.015710
0.025010
0.012419
0.036914
0.027820
0.019022
0.018053
0.019160
0.025851
0.007252
0.012829
0.025711
0.020825
0.017915
0.026413
0.025711
0.025571
0.018745
0.021938
0.029230
0.026835
0.031637
0.033912
0.022913
0.020408
0.015022
0.025711
0.026132
0.026132
0.037201
0.018192
0.026975
0.025851
0.024170
0.016260
0.066250
0.024031
0.031353
0.028948
0.025290
0.017225
0.030220
0.029795
0.018192
0.016811
0.020131
0.029230
0.025150
0.023192
0.023332
0.027257
0.013103
0.015572
0.012966
0.024870
0.025290
0.025290
0.025711
0.025290
0.030361
0.015160
0.025431
0.021659
0.023472
0.023332
0.021381
0.013788
0.013925
0.025571
0.013925
0.029089
0.019576
0.014199
0.025290
0.022634
0.032631
0.032205
0.012829
0.021659
0.015847
0.032489
0.029089
0.015022
0.025851
0.023611
0.016260
0.028383
0.030644
0.029089
0.034768
0.033200
0.014473
0.018192
0.017501
0.032489
0.019714
0.023053
0.025431
0.015297
0.026554
0.016949
0.039069
0.025992
0.017915
0.018053
0.019160
0.024310
0.010509
0.013240
0.024730
0.023891
0.017915
0.024590
0.026273
0.030928
0.017915
0.019853
0.028524
0.029654
0.025851
0.029654
0.028665
0.021798
0.024590
0.023891
0.026975
0.019437
0.032489
0.019299
0.022216
0.027257
0.029230
0.016260
0.024031
0.066250
0.033627
0.026132
0.027116
0.018468
0.023611
0.024730
0.023332
0.015710
0.022356
0.026413
0.022634
0.019160
0.016398
0.025851
0.009014
0.013240
0.017501
0.023192
0.023891
0.022495
0.025150
0.024450
0.027116
0.021520
0.025851
0.024450
0.023053
0.021103
0.020269
0.014336
0.020269
0.024870
0.012009
0.029371
0.034340
0.022495
0.024590
0.021103
0.047779
0.037058
0.022216
0.030928
0.019437
0.029795
0.033912
0.018330
0.033770
0.029230
0.024170
0.044277
0.041667
0.025851
0.031353
0.044714
0.023332
0.029230
0.023611
0.029937
0.027538
0.026413
0.032347
0.019853
0.032489
0.018053
0.044277
0.034911
0.022495
0.024730
0.028807
0.026975
0.010645
0.018607
0.033200
0.029795
0.020547
0.036484
0.033343
0.035054
0.023332
0.016673
0.040944
0.036914
0.035626
0.042246
0.027961
0.026413
0.025711
0.026835
0.030361
0.030361
0.045733
0.022495
0.032489
0.025851
0.025290
0.018883
0.031353
0.033627
0.066250
0.034483
0.030928
0.021381
0.030078
0.025010
0.027820
0.026132
0.025851
0.032773
0.031353
0.022634
0.023611
0.026273
0.012009
0.023611
0.025571
0.030928
0.023332
0.021103
0.023472
0.027679
0.035769
0.022216
0.032916
0.019714
0.029654
0.027820
0.027538
0.022634
0.020131
0.026132
0.015572
0.033343
0.024590
0.017363
0.019437
0.026273
0.035483
0.036914
0.022077
0.018883
0.023611
0.029654
0.030503
0.018883
0.030503
0.024870
0.018745
0.038062
0.034625
0.022774
0.032916
0.033770
0.021659
0.026835
0.027397
0.026132
0.027397
0.020269
0.031211
0.023332
0.027961
0.025711
0.037631
0.031070
0.019853
0.029230
0.024730
0.029230
0.012009
0.014336
0.025571
0.027820
0.022077
0.034197
0.024870
0.036914
0.019992
0.017087
0.029795
0.032773
0.027538
0.033200
0.029937
0.022913
0.020825
0.028242
0.030928
0.026975
0.035340
0.018468
0.029371
0.029654
0.030078
0.011463
0.028948
0.026132
0.034483
0.066250
0.026694
0.017777
0.022216
0.034483
0.026694
0.017777
0.023332
0.028807
0.027820
0.022356
0.021242
0.021520
0.014748
0.021103
0.018330
0.020825
0.026554
0.019437
0.021520
0.033200
0.027397
0.030503
0.033200
0.023611
0.019714
0.032489
0.020964
0.017639
0.015160
0.039501
0.018883
0.035912
0.025851
0.015160
0.020825
0.019022
0.032773
0.028948
0.016949
0.025711
0.018607
0.022077
0.026835
0.016398
0.024170
0.026694
0.017363
0.029937
0.027961
0.024031
0.029371
0.029654
0.018468
0.021798
0.023053
0.030928
0.019576
0.022356
0.023332
0.017363
0.035483
0.014748
0.033912
0.032916
0.012556
0.018468
0.038925
0.022495
0.009693
0.013103
0.023891
0.023611
0.015572
0.025851
0.026413
0.029089
0.016398
0.018330
0.031637
0.029089
0.027820
0.032916
0.024870
0.024450
0.019299
0.030786
0.021938
0.021659
0.035483
0.026554
0.023472
0.021103
0.028242
0.018192
0.025290
0.027116
0.030928
0.026694
0.066250
0.018192
0.024730
0.027538
0.019853
0.014885
0.020547
0.021381
0.024310
0.020131
0.026132
0.026694
0.016260
0.016949
0.014336
0.017777
0.023891
0.015572
0.023192
0.023192
0.028807
0.024590
0.025851
0.017501
0.019437
0.027961
0.025711
0.014062
0.026554
0.023332
0.013377
0.028242
0.013925
0.008336
0.016673
0.020825
0.022495
0.021381
0.015572
0.021798
0.017087
0.013377
0.018607
0.011463
0.017501
0.014885
0.018745
0.020825
0.025711
0.017087
0.020547
0.021520
0.010645
0.016673
0.015985
0.017363
0.023053
0.013925
0.022216
0.012146
0.020825
0.012692
0.019299
0.021381
0.012419
0.014473
0.014610
0.019853
0.008607
0.011191
0.017363
0.021798
0.017501
0.019160
0.032631
0.023472
0.015160
0.009421
0.018468
0.019714
0.018607
0.025431
0.018607
0.020269
0.016811
0.017915
0.019992
0.015435
0.021381
0.023053
0.015710
0.020825
0.019022
0.012692
0.017225
0.018468
0.021381
0.017777
0.018192
0.066250
0.018607
0.019299
0.017639
0.015297
0.014473
0.016811
0.023053
0.017915
0.017639
0.017639
0.010373
0.016260
0.011191
0.016949
0.020686
0.012419
0.016536
0.023891
0.018192
0.018053
0.020131
0.013925
0.019576
0.014748
0.016536
0.010782
0.010782
0.018468
0.017501
0.021938
0.025290
0.008471
0.014062
0.027257
0.035054
0.024730
0.016811
0.024730
0.021798
0.026132
0.030220
0.012966
0.022356
0.025851
0.018607
0.025851
0.033058
0.018745
0.018053
0.031070
0.012829
0.016949
0.015985
0.021103
0.019437
0.016673
0.020131
0.011191
0.026554
0.010918
0.031637
0.026132
0.017777
0.020686
0.016536
0.015847
0.006982
0.016673
0.031211
0.024170
0.012829
0.019437
0.024730
0.025150
0.019160
0.015022
0.026554
0.025851
0.025571
0.025851
0.018607
0.019022
0.019160
0.021520
0.022216
0.022913
0.031637
0.019160
0.022495
0.024031
0.018053
0.014336
0.030220
0.023611
0.030078
0.022216
0.024730
0.018607
0.066250
0.026554
0.024590
0.021798
0.020825
0.020269
0.028242
0.030786
0.017087
0.024031
0.021103
0.012146
0.017777
0.027679
0.022774
0.017777
0.018745
0.021938
0.032916
0.016398
0.026413
0.016260
0.026273
0.018607
0.018192
0.014336
0.009965
0.022913
0.020964
0.027116
0.025571
0.019576
0.014336
0.024170
0.034911
0.034768
0.021938
0.026975
0.021798
0.030786
0.028665
0.027397
0.021103
0.024590
0.020686
0.024870
0.034911
0.020686
0.024031
0.034625
0.015572
0.027397
0.021103
0.025290
0.028948
0.018468
0.030928
0.016811
0.027397
0.018607
0.033770
0.033627
0.021938
0.030786
0.018468
0.031070
0.010645
0.017777
0.022913
0.023053
0.019022
0.028948
0.024450
0.033200
0.020686
0.024031
0.029513
0.030503
0.027679
0.030220
0.027538
0.021381
0.017363
0.034197
0.037344
0.024310
0.031495
0.020825
0.026554
0.028524
0.029654
0.014336
0.029795
0.024730
0.025010
0.034483
0.027538
0.019299
0.026554
0.066250
0.023053
0.017225
0.026694
0.026413
0.028242
0.029513
0.024870
0.030928
0.014473
0.022774
0.017363
0.028524
0.028242
0.021242
0.025431
0.029654
0.027679
0.025711
0.028524
0.020686
0.022913
0.021798
0.020269
0.020408
0.021520
0.027679
0.021242
0.038637
0.020964
0.012419
0.022356
0.017087
0.030220
0.027820
0.019714
0.016673
0.020964
0.024870
0.023891
0.019022
0.028524
0.020825
0.019299
0.032916
0.026554
0.022356
0.021659
0.030786
0.015435
0.021381
0.023891
0.020825
0.025010
0.021242
0.026975
0.017087
0.016122
0.019992
0.032205
0.026413
0.015435
0.016949
0.017777
0.024730
0.013377
0.015160
0.022774
0.027961
0.017639
0.023472
0.025571
0.034768
0.014885
0.012419
0.025150
0.029371
0.028948
0.030786
0.027679
0.021520
0.023751
0.024170
0.022913
0.023891
0.027397
0.020269
0.025431
0.024170
0.031211
0.012692
0.018192
0.023332
0.027820
0.026694
0.019853
0.017639
0.024590
0.023053
0.066250
0.017087
0.022216
0.024730
0.022913
0.020131
0.015435
0.023332
0.009014
0.017915
0.015572
0.021659
0.022216
0.015160
0.020408
0.022774
0.020269
0.021938
0.021798
0.027116
0.025010
0.025010
0.024170
0.018053
0.019160
0.024730
0.014473
0.024590
0.019714
0.011327
0.016673
0.020547
0.028242
0.016260
0.016398
0.018607
0.015297
0.017363
0.021242
0.014336
0.018053
0.016260
0.016260
0.026273
0.022495
0.018053
0.022495
0.017501
0.012692
0.020964
0.014062
0.017363
0.021659
0.012282
0.023192
0.012692
0.017639
0.013650
0.019992
0.025290
0.013377
0.020686
0.011873
0.023053
0.009285
0.012966
0.021659
0.015847
0.012692
0.020131
0.026413
0.025711
0.012692
0.015160
0.021798
0.018883
0.020547
0.024170
0.018053
0.021659
0.016673
0.014199
0.020547
0.019160
0.028665
0.016673
0.014199
0.015297
0.020269
0.010918
0.016811
0.015710
0.026132
0.017777
0.014885
0.015297
0.021798
0.017225
0.017087
0.066250
0.014062
0.018192
0.023332
0.017363
0.017639
0.014473
0.010645
0.018330
0.031637
0.022356
0.013925
0.012556
0.015160
0.020547
0.023053
0.017087
0.017225
0.012829
0.022077
0.017225
0.012556
0.015847
0.007117
0.020547
0.016122
0.019714
0.027820
0.014748
0.019714
0.016673
0.027961
0.027820
0.018607
0.021103
0.015160
0.023751
0.027538
0.012419
0.021381
0.021103
0.019437
0.026554
0.027397
0.025150
0.026694
0.028242
0.017225
0.018883
0.016536
0.019576
0.023332
0.017087
0.023751
0.012966
0.017915
0.015572
0.028101
0.021659
0.015572
0.026835
0.017777
0.022774
0.011191
0.022495
0.022216
0.026835
0.016260
0.030503
0.025992
0.032773
0.014885
0.021242
0.019576
0.024031
0.026132
0.028101
0.022495
0.019853
0.021938
0.026273
0.024730
0.019853
0.031070
0.016949
0.022634
0.023611
0.028242
0.014748
0.020131
0.022356
0.025851
0.023332
0.020547
0.014473
0.020825
0.026694
0.022216
0.014062
0.066250
0.027257
0.020131
0.017639
0.020825
0.022495
0.012009
0.014473
0.017501
0.028101
0.025431
0.021520
0.024870
0.026413
0.026273
0.018053
0.018468
0.015985
0.021798
0.021659
0.013925
0.013788
0.015985
0.024870
0.016673
0.028524
0.027397
0.023053
0.020964
0.021659
0.035912
0.034340
0.017225
0.024590
0.023611
0.032347
0.032773
0.020964
0.031070
0.024450
0.019992
0.035197
0.031637
0.025851
0.033200
0.037631
0.016122
0.026132
0.025290
0.025711
0.022495
0.017087
0.029230
0.019299
0.023611
0.018883
0.039357
0.028807
0.020686
0.030644
0.019992
0.027116
0.013925
0.016260
0.028101
0.027820
0.021798
0.034768
0.032205
0.032063
0.018192
0.019576
0.031637
0.025571
0.031921
0.032489
0.023611
0.026132
0.024031
0.025992
0.026554
0.025992
0.033343
0.019714
0.024450
0.027397
0.028524
0.015847
0.029230
0.026413
0.032773
0.028807
0.021381
0.016811
0.020269
0.026413
0.024730
0.018192
0.027257
0.066250
0.028383
0.021659
0.019714
0.023332
0.009421
0.018053
0.020408
0.025851
0.024730
0.020686
0.024031
0.025992
0.024590
0.025290
0.026554
0.019576
0.026835
0.028242
0.022077
0.017915
0.022216
0.023751
0.014062
0.024310
0.022495
0.018192
0.019853
0.024310
0.031921
0.031353
0.020269
0.027538
0.021798
0.025431
0.027820
0.018745
0.027679
0.026413
0.021938
0.028665
0.031211
0.021659
0.029654
0.032916
0.015022
0.017915
0.015297
0.021659
0.028948
0.017225
0.031070
0.017363
0.026835
0.013788
0.031211
0.029654
0.019853
0.024450
0.020686
0.029089
0.010782
0.015572
0.029230
0.026413
0.019576
0.029371
0.031211
0.029513
0.024310
0.014610
0.022077
0.030928
0.030078
0.034768
0.024870
0.023192
0.021938
0.023332
0.019853
0.026413
0.027820
0.022774
0.021381
0.027257
0.022634
0.018192
0.025150
0.022634
0.031353
0.027820
0.024310
0.023053
0.028242
0.028242
0.022913
0.023332
0.020131
0.028383
0.066250
0.019853
0.022774
0.026835
0.011191
0.016260
0.013788
0.022774
0.026975
0.020131
0.025150
0.025571
0.025851
0.029089
0.032347
0.018607
0.026694
0.019992
0.020964
0.017225
0.020686
0.023192
0.018192
0.024590
0.020686
0.014610
0.018883
0.024590
0.029795
0.023192
0.020408
0.014199
0.020686
0.019853
0.028242
0.015022
0.017225
0.023053
0.014062
0.022495
0.031211
0.021520
0.023611
0.024310
0.016536
0.022216
0.019022
0.024031
0.017777
0.015435
0.022077
0.012692
0.020686
0.016536
0.026554
0.027397
0.018053
0.023611
0.017639
0.017639
0.008742
0.014885
0.023472
0.017225
0.013788
0.022495
0.021798
0.023891
0.012829
0.017087
0.023332
0.021938
0.022356
0.027679
0.024031
0.021520
0.017363
0.024450
0.026694
0.022495
0.025010
0.018468
0.027961
0.021938
0.022216
0.010509
0.023192
0.019160
0.022634
0.022356
0.020131
0.017915
0.030786
0.029513
0.020131
0.017363
0.017639
0.021659
0.019853
0.066250
0.016673
0.019853
0.024450
0.015435
0.017363
0.018330
0.021938
0.017087
0.019853
0.023751
0.021798
0.020131
0.021381
0.021659
0.017639
0.023611
0.020408
0.016949
0.021520
0.026835
0.013377
0.021659
0.024170
0.013103
0.019576
0.013925
0.026975
0.023751
0.016398
0.021938
0.016122
0.020686
0.020964
0.018468
0.017915
0.023053
0.016673
0.026413
0.027820
0.022634
0.023611
0.025571
0.012556
0.023192
0.017363
0.019022
0.023891
0.018330
0.027961
0.019576
0.019853
0.022774
0.025851
0.025290
0.017501
0.018053
0.022216
0.022216
0.013514
0.014199
0.015985
0.021659
0.012146
0.022913
0.029230
0.025711
0.019853
0.021798
0.029371
0.024450
0.027679
0.026132
0.019853
0.017501
0.019576
0.027397
0.017501
0.013377
0.024450
0.016949
0.016673
0.019576
0.022495
0.013103
0.023332
0.016398
0.023611
0.021242
0.026132
0.017639
0.017087
0.024870
0.015435
0.017639
0.020825
0.019714
0.022774
0.016673
0.066250
0.017225
0.010509
0.017777
0.015160
0.024450
0.021242
0.016398
0.021659
0.024170
0.023611
0.016949
0.028383
0.011600
0.019576
0.021381
0.016949
0.010782
0.017501
0.019299
0.014473
0.021381
0.027679
0.014062
0.015847
0.016949
0.029795
0.025571
0.015160
0.031637
0.015160
0.017363
0.032489
0.020131
0.023472
0.023053
0.018053
0.025851
0.033058
0.016949
0.027538
0.027961
0.015160
0.021659
0.022216
0.020686
0.019022
0.023891
0.026273
0.014062
0.021798
0.014610
0.033200
0.022913
0.021103
0.015160
0.023472
0.021798
0.009965
0.015297
0.024590
0.022774
0.018745
0.026132
0.020547
0.027961
0.016536
0.015160
0.027538
0.030078
0.032347
0.033770
0.025711
0.027538
0.020131
0.023611
0.027257
0.018192
0.028524
0.017225
0.019437
0.019299
0.020686
0.016673
0.027257
0.025851
0.026273
0.021520
0.026694
0.017639
0.024031
0.030928
0.023332
0.014473
0.022495
0.023332
0.026835
0.019853
0.017225
0.066250
0.009965
0.012009
0.012419
0.025571
0.025290
0.029937
0.034911
0.021798
0.026132
0.020408
0.025431
0.021798
0.022634
0.017501
0.026273
0.013925
0.021103
0.021520
0.016949
0.023053
0.012829
0.005901
0.009285
0.013650
0.013650
0.011327
0.014610
0.009829
0.011327
0.010918
0.019299
0.007252
0.008200
0.012146
0.011191
0.012829
0.014336
0.011327
0.010101
0.011600
0.009965
0.012966
0.006847
0.014062
0.012282
0.007794
0.009965
0.006576
0.013514
0.009693
0.013377
0.016811
0.010237
0.019160
0.011327
0.009150
0.005632
0.009557
0.014748
0.012829
0.008742
0.011873
0.013514
0.013788
0.010373
0.009150
0.015435
0.013377
0.011054
0.016536
0.012419
0.010509
0.009014
0.010645
0.011600
0.010918
0.010918
0.015572
0.015985
0.014062
0.015847
0.007117
0.013103
0.009014
0.012009
0.014748
0.016260
0.010373
0.021103
0.014473
0.009014
0.010645
0.012009
0.009421
0.011191
0.024450
0.010509
0.009965
0.066250
0.009421
0.008200
0.014748
0.012282
0.010509
0.011327
0.011873
0.014885
0.008336
0.016673
0.011600
0.010645
0.010237
0.010782
0.012282
0.010373
0.016811
0.015985
0.012966
0.015710
0.014610
0.010101
0.012692
0.023192
0.019853
0.026835
0.018745
0.014748
0.020131
0.022634
0.013788
0.017087
0.025150
0.017915
0.025010
0.021938
0.012419
0.016122
0.021103
0.018468
0.040655
0.014748
0.017639
0.023472
0.012419
0.027961
0.020825
0.013925
0.012966
0.019853
0.029089
0.013788
0.018745
0.017777
0.026273
0.011054
0.011736
0.019160
0.020964
0.014610
0.022077
0.022216
0.026132
0.016260
0.011463
0.019992
0.026132
0.019853
0.024590
0.017501
0.012009
0.015710
0.018468
0.018053
0.019853
0.021798
0.016811
0.013240
0.017777
0.018468
0.011191
0.015572
0.013240
0.023611
0.021103
0.016949
0.016260
0.012146
0.022774
0.017915
0.018330
0.014473
0.018053
0.016260
0.015435
0.017777
0.012009
0.009421
0.066250
0.015160
0.016260
0.011736
0.011736
0.013103
0.014473
0.018883
0.021798
0.023053
0.016260
0.016949
0.017639
0.026835
0.016949
0.010782
0.017363
0.030928
0.018192
0.013514
0.011873
0.011600
0.015847
0.027257
0.021103
0.013650
0.017501
0.014062
0.019299
0.016811
0.014473
0.015847
0.016122
0.012146
0.021381
0.020547
0.015572
0.019853
0.018745
0.015710
0.018192
0.015435
0.020964
0.013925
0.015710
0.019992
0.012146
0.018192
0.016398
0.018883
0.019576
0.012692
0.019022
0.012556
0.018883
0.009014
0.009557
0.024031
0.015572
0.014199
0.016122
0.016811
0.017501
0.011191
0.015297
0.021938
0.020825
0.016398
0.021520
0.014199
0.020408
0.014885
0.014473
0.022356
0.014336
0.025992
0.013240
0.014885
0.013103
0.016536
0.013103
0.012966
0.017501
0.025571
0.018330
0.014336
0.011191
0.017777
0.017363
0.015572
0.031637
0.017501
0.020408
0.013788
0.017363
0.015160
0.012419
0.008200
0.015160
0.066250
0.015022
0.013103
0.013377
0.015710
0.019714
0.019853
0.017225
0.016811
0.017225
0.014885
0.020547
0.010101
0.013925
0.012556
0.017777
0.011054
0.018053
0.036341
0.010918
0.020686
0.019437
0.029089
0.026694
0.017087
0.025571
0.012146
0.022634
0.025571
0.012556
0.021798
0.021798
0.021659
0.025851
0.026694
0.026132
0.027116
0.029654
0.010782
0.025290
0.013650
0.019992
0.027397
0.018053
0.028383
0.015297
0.018883
0.012966
0.033058
0.024870
0.021938
0.021381
0.016260
0.022913
0.008065
0.027397
0.021381
0.022913
0.013650
0.025851
0.023891
0.029795
0.021242
0.016398
0.029654
0.024310
0.032205
0.030503
0.026132
0.020825
0.020131
0.020825
0.019853
0.016949
0.033485
0.016260
0.021798
0.026694
0.027820
0.016398
0.024870
0.023192
0.030928
0.020825
0.017777
0.016949
0.027679
0.028524
0.021659
0.022356
0.028101
0.025851
0.022774
0.018330
0.024450
0.025571
0.014748
0.016260
0.015022
0.066250
0.024870
0.023891
0.028242
0.023332
0.025571
0.015710
0.027397
0.016536
0.028383
0.019437
0.019160
0.019299
0.012009
0.019299
0.020408
0.023192
0.022356
0.016949
0.019853
0.019299
0.033770
0.029513
0.013377
0.023891
0.013240
0.033770
0.024310
0.016122
0.023611
0.027679
0.020408
0.025150
0.025992
0.021242
0.026835
0.031637
0.014062
0.021520
0.016673
0.025571
0.028948
0.024170
0.029937
0.021798
0.025992
0.017915
0.034055
0.025992
0.021103
0.021938
0.019160
0.027679
0.009965
0.012556
0.020964
0.024590
0.015572
0.026413
0.021520
0.028807
0.019714
0.013377
0.024730
0.025290
0.030928
0.034768
0.024870
0.025431
0.020964
0.024310
0.027820
0.019576
0.028101
0.018607
0.019437
0.020964
0.022356
0.015297
0.025290
0.023891
0.023332
0.026554
0.023891
0.020686
0.022774
0.028242
0.022216
0.013925
0.025431
0.024730
0.026975
0.021938
0.021242
0.025290
0.012282
0.011736
0.013103
0.024870
0.066250
0.022634
0.024170
0.044714
0.022913
0.017639
0.026554
0.021659
0.020825
0.021659
0.016398
0.015022
0.020131
0.028242
0.013103
0.024310
0.021659
0.015160
0.018607
0.013514
0.025711
0.019992
0.012419
0.023751
0.010373
0.017915
0.021798
0.011736
0.019714
0.019992
0.014885
0.021798
0.021659
0.018468
0.027116
0.019992
0.012009
0.020825
0.017915
0.022077
0.027820
0.017225
0.022774
0.012829
0.018883
0.011054
0.022077
0.023053
0.018745
0.017225
0.014199
0.023192
0.008200
0.012146
0.022077
0.017639
0.014199
0.020408
0.017501
0.021103
0.013650
0.013377
0.021520
0.023891
0.026413
0.028807
0.023053
0.021242
0.016811
0.019853
0.020269
0.014473
0.024730
0.014062
0.020269
0.018745
0.021242
0.017363
0.025290
0.022495
0.021103
0.019437
0.015572
0.012419
0.017777
0.021242
0.015160
0.012556
0.021520
0.020686
0.020131
0.017087
0.016398
0.029937
0.010509
0.011736
0.013377
0.023891
0.022634
0.066250
0.037631
0.023891
0.023332
0.015160
0.018192
0.017087
0.019992
0.018468
0.018607
0.013377
0.015847
0.015160
0.017363
0.018053
0.024730
0.012829
0.015435
0.014199
0.027538
0.025431
0.015710
0.025290
0.011736
0.019576
0.023332
0.013788
0.019022
0.022077
0.017501
0.023891
0.031070
0.022077
0.031921
0.026413
0.016536
0.018330
0.020269
0.024170
0.027257
0.019160
0.026835
0.012556
0.022634
0.014336
0.026413
0.024031
0.018745
0.020825
0.020269
0.025992
0.008065
0.013240
0.022634
0.020964
0.011873
0.022774
0.021103
0.025992
0.015160
0.015710
0.024450
0.026694
0.027257
0.030786
0.023053
0.022356
0.020131
0.024170
0.023332
0.015847
0.024590
0.017639
0.022913
0.020547
0.023192
0.017087
0.025711
0.025150
0.023472
0.021520
0.023192
0.016536
0.018745
0.025431
0.020408
0.015160
0.024870
0.024031
0.025150
0.019853
0.021659
0.034911
0.011327
0.013103
0.015710
0.028242
0.024170
0.037631
0.066250
0.026273
0.025150
0.016673
0.023472
0.020408
0.019992
0.020269
0.019853
0.010237
0.017915
0.020408
0.021520
0.020269
0.024450
0.018607
0.018883
0.018745
0.036198
0.030928
0.014473
0.026694
0.018192
0.031779
0.028948
0.014473
0.028948
0.022634
0.016398
0.030078
0.030078
0.022216
0.035197
0.031637
0.015572
0.023751
0.020408
0.029371
0.031779
0.025290
0.030786
0.018607
0.027257
0.023472
0.033485
0.031070
0.019714
0.026273
0.018745
0.028383
0.010101
0.014062
0.023751
0.024031
0.018468
0.031495
0.025431
0.033200
0.012966
0.015022
0.028101
0.025711
0.028807
0.035054
0.025150
0.026975
0.025711
0.020825
0.034911
0.021103
0.030503
0.019022
0.023192
0.023611
0.026132
0.012966
0.025290
0.024450
0.027679
0.033200
0.023192
0.023891
0.021938
0.029654
0.022774
0.020547
0.026413
0.025992
0.025571
0.023751
0.024170
0.021798
0.011873
0.014473
0.019714
0.023332
0.044714
0.023891
0.026273
0.066250
0.027116
0.018607
0.026694
0.022495
0.022774
0.025150
0.016673
0.014199
0.021381
0.030361
0.016122
0.031637
0.035197
0.013240
0.019160
0.020547
0.036341
0.030503
0.021242
0.032916
0.024031
0.025851
0.037058
0.015435
0.031637
0.031211
0.022913
0.032347
0.032631
0.023891
0.026413
0.030361
0.016122
0.026273
0.017777
0.025010
0.022495
0.020825
0.023472
0.021381
0.029654
0.015572
0.034055
0.028524
0.022356
0.025010
0.021381
0.026132
0.010918
0.015435
0.033770
0.025431
0.017501
0.025992
0.026975
0.035340
0.025010
0.024310
0.029937
0.031495
0.028524
0.030644
0.022356
0.020269
0.020131
0.025571
0.024870
0.018607
0.035483
0.019576
0.020964
0.025571
0.026694
0.018053
0.030361
0.027116
0.035769
0.027397
0.028807
0.018192
0.032916
0.027679
0.020269
0.023053
0.026273
0.024590
0.025851
0.021798
0.023611
0.026132
0.014885
0.018883
0.019853
0.025571
0.022913
0.023332
0.025150
0.027116
0.066250
0.020131
0.029795
0.015847
0.022356
0.023472
0.023053
0.016122
0.018192
0.027820
0.023332
0.031637
0.017225
0.018192
0.015985
0.016949
0.025992
0.031070
0.022216
0.018883
0.029089
0.026413
0.024031
0.026132
0.021659
0.020686
0.020408
0.026975
0.020408
0.018607
0.023192
0.022356
0.019576
0.023472
0.018745
0.017363
0.024590
0.020964
0.028665
0.018053
0.017915
0.024170
0.025431
0.029371
0.015160
0.031070
0.016811
0.030220
0.014885
0.013514
0.015985
0.022356
0.015572
0.022634
0.023192
0.028383
0.014336
0.015572
0.021103
0.023332
0.021381
0.027116
0.025431
0.019022
0.019022
0.024310
0.021381
0.025150
0.025851
0.021242
0.020964
0.019299
0.029654
0.010918
0.015160
0.021520
0.022216
0.030503
0.024590
0.018053
0.016398
0.025711
0.021938
0.017087
0.018053
0.025290
0.029089
0.020131
0.016949
0.020408
0.008336
0.021798
0.017225
0.015710
0.017639
0.015160
0.016673
0.018607
0.020131
0.066250
0.026694
0.019437
0.018745
0.019576
0.022216
0.015160
0.015985
0.026413
0.015022
0.023472
0.029937
0.015985
0.018330
0.020825
0.037919
0.026694
0.018330
0.031353
0.021103
0.027961
0.032063
0.017777
0.021798
0.026975
0.024170
0.031921
0.029371
0.021103
0.031495
0.033912
0.018330
0.023192
0.017915
0.025290
0.029230
0.020131
0.029230
0.018883
0.030361
0.019299
0.035912
0.030078
0.025150
0.026273
0.025851
0.027397
0.011600
0.021520
0.026413
0.023611
0.019853
0.029371
0.025711
0.029795
0.027679
0.020408
0.034483
0.026554
0.032205
0.037058
0.028807
0.022913
0.022077
0.024170
0.027538
0.017501
0.031637
0.021103
0.023472
0.021520
0.026413
0.015297
0.025431
0.025851
0.032916
0.033200
0.025851
0.020131
0.026413
0.028524
0.021798
0.017225
0.018468
0.026554
0.032347
0.021381
0.028383
0.025431
0.016673
0.023053
0.016811
0.027397
0.026554
0.018192
0.023472
0.026694
0.029795
0.026694
0.066250
0.021381
0.024031
0.021938
0.027257
0.018468
0.018468
0.024590
0.018330
0.030078
0.015297
0.011463
0.015022
0.021659
0.027538
0.020686
0.016398
0.017087
0.015710
0.019992
0.022495
0.015985
0.022216
0.015847
0.015572
0.023611
0.021242
0.015985
0.022216
0.027679
0.014473
0.020131
0.020686
0.021659
0.016122
0.014885
0.020825
0.016811
0.016260
0.015435
0.026554
0.020408
0.017777
0.020408
0.016536
0.020964
0.009014
0.011873
0.017639
0.017915
0.016673
0.023611
0.018053
0.023611
0.015160
0.012419
0.021103
0.027116
0.023192
0.025992
0.024170
0.021381
0.017087
0.022216
0.021381
0.015710
0.021520
0.017225
0.023472
0.016811
0.021242
0.014885
0.021659
0.024450
0.019714
0.023611
0.017501
0.013925
0.016260
0.020686
0.027116
0.012829
0.015985
0.019576
0.018607
0.021659
0.011600
0.021798
0.011600
0.016260
0.017225
0.016536
0.021659
0.017087
0.020408
0.022495
0.015847
0.019437
0.021381
0.066250
0.018607
0.024450
0.018468
0.014473
0.018607
0.021242
0.011873
0.019160
0.027679
0.015572
0.018468
0.024450
0.029513
0.026835
0.019853
0.021381
0.016673
0.021520
0.029513
0.012009
0.022774
0.020825
0.019299
0.025851
0.027961
0.018607
0.027538
0.033058
0.015022
0.021242
0.023332
0.020408
0.025571
0.013377
0.027538
0.018468
0.023053
0.011736
0.031070
0.023472
0.016673
0.017501
0.022913
0.024590
0.010782
0.020686
0.023751
0.028101
0.033912
0.029089
0.030786
0.027116
0.020686
0.013377
0.021938
0.025711
0.030928
0.027679
0.023472
0.022077
0.015985
0.021659
0.018468
0.019576
0.028665
0.022495
0.019299
0.029089
0.020686
0.013377
0.023472
0.023053
0.029654
0.019714
0.019437
0.019576
0.026273
0.022913
0.025010
0.022077
0.021798
0.026835
0.026694
0.017639
0.019576
0.022634
0.010645
0.016949
0.014885
0.028383
0.020825
0.019992
0.019992
0.022774
0.022356
0.018745
0.024031
0.018607
0.066250
0.021659
0.020131
0.018192
0.013103
0.019714
0.018053
0.023053
0.021242
0.017501
0.018883
0.020269
0.029654
0.024450
0.021659
0.021938
0.023053
0.026132
0.019299
0.021798
0.025431
0.019299
0.014473
0.026975
0.023611
0.020686
0.024730
0.031921
0.017087
0.022913
0.033200
0.018607
0.021242
0.016536
0.025150
0.017363
0.028807
0.017915
0.028807
0.029937
0.016673
0.020686
0.026554
0.023192
0.011054
0.015160
0.017363
0.025010
0.018607
0.021798
0.022774
0.031070
0.018883
0.014336
0.023611
0.029937
0.025851
0.028524
0.023751
0.017225
0.016122
0.031637
0.022774
0.019576
0.028807
0.018330
0.018745
0.021520
0.029513
0.013377
0.023332
0.021103
0.027820
0.032489
0.027961
0.014748
0.018607
0.021798
0.025010
0.017225
0.021659
0.028242
0.019992
0.023611
0.021381
0.017501
0.010237
0.017639
0.020547
0.019437
0.021659
0.018468
0.020269
0.025150
0.023472
0.019576
0.021938
0.024450
0.021659
0.066250
0.018607
0.020269
0.024590
0.021520
0.012692
0.025150
0.020964
0.011600
0.014610
0.013103
0.027538
0.021798
0.022216
0.020686
0.014610
0.021520
0.032063
0.017639
0.018745
0.023472
0.015022
0.023751
0.024310
0.016398
0.024031
0.028807
0.016122
0.029937
0.019299
0.024310
0.024450
0.015297
0.025290
0.017225
0.019437
0.010782
0.031921
0.019853
0.013514
0.019576
0.022356
0.025571
0.009557
0.011600
0.024170
0.020825
0.016398
0.024870
0.023751
0.025851
0.018607
0.014062
0.023611
0.023332
0.028383
0.030220
0.029230
0.015847
0.014885
0.022913
0.016260
0.020131
0.024450
0.021242
0.021938
0.016673
0.021938
0.013377
0.021381
0.020269
0.027538
0.020964
0.025711
0.016536
0.018192
0.020269
0.024170
0.012556
0.013925
0.022077
0.020964
0.020408
0.016949
0.026273
0.010782
0.026835
0.010101
0.019160
0.016398
0.018607
0.019853
0.016673
0.023053
0.022216
0.027257
0.018468
0.020131
0.018607
0.066250
0.016122
0.016949
0.014885
0.025851
0.021381
0.015572
0.012146
0.012146
0.012966
0.025431
0.018745
0.014610
0.014062
0.011191
0.017639
0.015572
0.010509
0.017639
0.013103
0.017777
0.021520
0.020269
0.012419
0.015435
0.024730
0.011463
0.018745
0.015160
0.016398
0.014748
0.012146
0.019714
0.010509
0.015435
0.012419
0.023192
0.022774
0.012282
0.018192
0.013650
0.014885
0.005632
0.026132
0.015847
0.018053
0.012966
0.019992
0.018330
0.022077
0.012282
0.013514
0.019160
0.015985
0.020825
0.022634
0.018330
0.014885
0.016673
0.017363
0.015985
0.015160
0.026554
0.014473
0.017501
0.018053
0.017225
0.006847
0.013788
0.014336
0.022634
0.017639
0.014062
0.010782
0.014336
0.020408
0.018053
0.015847
0.013788
0.017915
0.017225
0.016949
0.010782
0.013925
0.012282
0.016949
0.013925
0.019299
0.015022
0.013377
0.010237
0.014199
0.016122
0.015160
0.018468
0.014473
0.018192
0.020269
0.016122
0.066250
0.011736
0.018192
0.013788
0.021520
0.015847
0.013788
0.016536
0.011736
0.026132
0.021242
0.011463
0.014062
0.014885
0.019437
0.019853
0.017915
0.023891
0.015022
0.012556
0.024730
0.020964
0.019714
0.020825
0.022913
0.013514
0.016673
0.020686
0.025571
0.018192
0.021103
0.020825
0.015297
0.021938
0.015572
0.024031
0.021798
0.011600
0.015985
0.029230
0.018330
0.010645
0.008878
0.018192
0.017915
0.012556
0.018330
0.018192
0.020964
0.012829
0.013925
0.021103
0.017225
0.021103
0.024170
0.023472
0.019992
0.020131
0.024031
0.014473
0.011463
0.022634
0.014610
0.019714
0.015297
0.023611
0.014473
0.013925
0.020269
0.020131
0.015160
0.026554
0.010782
0.009965
0.021520
0.019160
0.007117
0.015985
0.022216
0.020686
0.021520
0.017501
0.021103
0.010373
0.010782
0.012556
0.012009
0.020131
0.015847
0.017915
0.021381
0.018192
0.015985
0.018468
0.018607
0.013103
0.024590
0.016949
0.011736
0.066250
0.016949
0.010645
0.020686
0.022913
0.010509
0.019714
0.024310
0.030078
0.026132
0.021381
0.019160
0.017501
0.024310
0.022913
0.013650
0.027257
0.026413
0.014885
0.027961
0.025431
0.021381
0.023472
0.026273
0.018883
0.020686
0.017225
0.021520
0.025431
0.019853
0.023751
0.019160
0.021798
0.021103
0.033200
0.029513
0.019714
0.027679
0.018468
0.024450
0.007388
0.014473
0.024590
0.023611
0.015435
0.025431
0.019299
0.029371
0.015160
0.018192
0.026132
0.024730
0.024870
0.025851
0.027679
0.022774
0.022495
0.020408
0.025010
0.025571
0.031921
0.015022
0.032631
0.025010
0.026975
0.013788
0.025571
0.024870
0.026132
0.039501
0.023332
0.018468
0.022913
0.027679
0.024730
0.020547
0.024870
0.023751
0.023192
0.026835
0.019299
0.021520
0.016811
0.017363
0.017777
0.019299
0.028242
0.015160
0.020408
0.030361
0.027820
0.026413
0.024590
0.021242
0.019714
0.021520
0.014885
0.018192
0.016949
0.066250
0.013377
0.027538
0.016536
0.009557
0.011054
0.009014
0.020269
0.020408
0.025150
0.022216
0.010373
0.017225
0.024310
0.011600
0.015297
0.016949
0.015435
0.020408
0.021938
0.012556
0.016673
0.020686
0.009829
0.035626
0.010918
0.016260
0.026975
0.009557
0.026132
0.013925
0.011054
0.011054
0.019992
0.022774
0.013514
0.018468
0.015435
0.022216
0.007117
0.012419
0.023472
0.018468
0.011600
0.020547
0.023751
0.023472
0.012692
0.009285
0.016811
0.022356
0.017087
0.024450
0.014885
0.013377
0.010918
0.019437
0.018192
0.015710
0.015160
0.015985
0.015710
0.017225
0.017639
0.012966
0.013925
0.012009
0.015572
0.018883
0.013377
0.017501
0.020964
0.021242
0.014473
0.016122
0.016673
0.014062
0.018192
0.013377
0.014473
0.016949
0.015985
0.030928
0.011054
0.020408
0.013103
0.017363
0.021520
0.016122
0.023332
0.015022
0.018330
0.011873
0.018053
0.012692
0.025851
0.013788
0.010645
0.013377
0.066250
0.017363
0.028242
0.022634
0.017915
0.026273
0.037775
0.035483
0.018468
0.024310
0.024450
0.031779
0.030928
0.019714
0.027116
0.026273
0.018053
0.033343
0.033200
0.020964
0.027679
0.038206
0.015847
0.026132
0.018745
0.022913
0.027116
0.020408
0.030786
0.018053
0.027257
0.020964
0.038206
0.033912
0.021242
0.026413
0.021381
0.027961
0.011873
0.021103
0.024870
0.028383
0.024870
0.031921
0.026132
0.032063
0.019299
0.022356
0.031070
0.029089
0.033058
0.034768
0.026132
0.024310
0.021659
0.026835
0.033627
0.023751
0.035483
0.017777
0.025571
0.028383
0.030078
0.012692
0.029089
0.029371
0.033343
0.035912
0.028242
0.021938
0.027116
0.038637
0.024590
0.019714
0.028524
0.024310
0.024590
0.021659
0.021381
0.023053
0.012966
0.018192
0.018053
0.023192
0.024310
0.018053
0.020269
0.031637
0.031637
0.023472
0.030078
0.019160
0.023053
0.025150
0.021381
0.021520
0.020686
0.027538
0.017363
0.066250
