0.994799
0.460536
0.364606
0.264082
0.551420
0.591607
0.345120
0.588624
0.343639
0.499139
0.599228
0.445246
0.496985
0.518501
0.495893
0.400990
0.651857
0.410940
0.439168
0.540563
0.371879
0.526354
0.429691
0.536046
0.382949
0.339775
0.528736
0.457544
0.540663
0.465834
0.547571
0.298712
0.431547
0.430592
0.277341
0.361603
0.355714
0.457936
0.431801
0.443298
0.340144
0.583767
0.520210
0.618949
0.441431
0.455272
0.559510
0.534590
0.622687
0.593993
0.330485
0.423790
0.464941
0.509855
0.474447
0.432294
0.569608
0.336884
0.328799
0.468376
0.501191
0.396163
0.509588
0.400159
0.629453
0.362489
0.329279
0.372621
0.348582
0.570007
0.473609
0.498962
0.491265
0.470294
0.489670
0.326997
0.570063
0.515381
0.208284
0.394464
0.444576
0.558220
0.494008
0.511253
0.529197
0.483970
0.668157
0.466974
0.577841
0.370901
0.342567
0.437343
0.469511
0.298667
0.331941
0.440125
0.423468
0.556146
0.460536
0.994799
0.435657
0.178597
0.399830
0.458558
0.217141
0.475925
0.433247
0.643120
0.468973
0.477360
0.432373
0.301597
0.389252
0.453788
0.456106
0.419307
0.449263
0.439951
0.460038
0.448402
0.328289
0.434398
0.437396
0.446750
0.459346
0.458641
0.419487
0.467892
0.377001
0.464347
0.428605
0.415106
0.376088
0.383793
0.459885
0.404379
0.385705
0.449873
0.326929
0.532834
0.406030
0.443308
0.292518
0.297886
0.363253
0.417704
0.494851
0.534723
0.456336
0.438501
0.484997
0.250869
0.512139
0.347175
0.449985
0.408283
0.354467
0.441891
0.464128
0.197919
0.439265
0.308444
0.529985
0.411861
0.321108
0.275743
0.181551
0.466502
0.392454
0.441523
0.347639
0.264112
0.407999
0.257717
0.425650
0.429359
0.195553
0.362528
0.395103
0.617832
0.373263
0.403270
0.415013
0.461700
0.452181
0.493571
0.469410
0.401716
0.279091
0.359600
0.345901
0.418871
0.317669
0.318416
0.359129
0.459387
0.364606
0.435657
0.994799
0.209394
0.442397
0.309015
0.194955
0.421542
0.332564
0.478417
0.272318
0.456246
0.322056
0.485772
0.443431
0.428224
0.417840
0.921496
0.448270
0.381303
0.359690
0.482215
0.238379
0.437926
0.514623
0.119638
0.495799
0.409014
0.290739
0.396290
0.336744
0.481993
0.460987
0.293169
0.143717
0.458867
0.248009
0.397454
0.447702
0.531718
0.409426
0.293094
0.397768
0.329855
0.452743
0.254949
0.404005
0.448612
0.467250
0.502325
0.791520
0.470502
0.465498
0.452897
0.484305
0.408154
0.376863
0.411147
0.178803
0.491030
0.805769
0.122460
0.359115
0.280075
0.482308
0.251421
0.158180
0.242758
0.184007
0.374575
0.524405
0.348192
0.255168
0.366937
0.452194
0.173482
0.257896
0.373435
0.206135
0.364719
0.283565
0.434156
0.396985
0.436083
0.390244
0.260111
0.287778
0.308145
0.466524
0.382042
0.319364
0.248121
0.489991
0.463024
0.099912
0.209306
0.388951
0.449769
0.264082
0.178597
0.209394
0.994799
0.338989
0.378917
0.539403
0.160787
0.492726
0.462849
0.259897
0.355481
0.237440
0.227187
0.118858
0.376500
0.343500
0.444183
0.072635
0.425535
0.221906
0.193659
0.256683
0.439583
0.205028
0.416535
0.300718
0.347600
0.467534
0.310507
0.437856
0.230084
0.122178
0.134698
0.227127
0.244385
0.364234
0.226559
0.134296
0.175363
0.451369
0.404737
0.321666
0.135027
0.246957
0.427349
0.455648
0.095131
0.371748
0.234646
0.354679
0.453039
0.470308
0.295832
0.481491
0.490283
0.454532
0.125877
0.551299
0.532412
0.362253
0.242889
0.440434
0.469425
0.452043
0.509737
0.462349
0.151443
0.288931
0.456369
0.463147
0.141715
0.118072
0.483534
0.308750
0.133961
0.320849
0.392363
0.108889
0.097772
0.250277
0.273598
0.456010
0.198138
0.276199
0.464057
0.145847
0.288337
0.341079
0.256848
0.180473
0.479568
0.222125
0.352856
0.420087
0.555971
0.022209
0.470964
0.551420
0.399830
0.442397
0.338989
0.994799
0.541453
0.334733
0.377425
0.425305
0.530186
0.559511
0.342241
0.447389
0.552433
0.429154
0.884021
0.577335
0.525935
0.478647
0.681594
0.473184
0.737602
0.536964
0.588407
0.517863
0.291856
0.571483
0.462981
0.504074
0.497027
0.863190
0.617982
0.458402
0.367461
0.534158
0.407889
0.331788
0.432575
0.331062
0.529696
0.432918
0.461461
0.483948
0.533827
0.365614
0.469336
0.657328
0.575700
0.829524
0.789124
0.489188
0.550935
0.514055
0.439253
0.605224
0.500451
0.751160
0.416980
0.481448
0.538405
0.516516
0.334859
0.613522
0.534586
0.914140
0.601919
0.495811
0.271867
0.594740
0.465428
0.558229
0.440005
0.246817
0.460841
0.347547
0.544905
0.522945
0.469773
0.458132
0.500927
0.468608
0.383060
0.414982
0.357627
0.424557
0.350754
0.578758
0.490999
0.549767
0.473607
0.376511
0.495837
0.578580
0.437613
0.499308
0.544112
0.374460
0.559498
0.591607
0.458558
0.309015
0.378917
0.541453
0.994799
0.487576
0.550864
0.477942
0.621625
0.528700
0.527894
0.532764
0.520364
0.405765
0.553438
0.599884
0.545230
0.510199
0.555398
0.463064
0.524189
0.459210
0.579779
0.477690
0.440970
0.540871
0.586928
0.453528
0.518955
0.583890
0.360992
0.454164
0.514332
0.282282
0.542140
0.420080
0.486978
0.289286
0.443818
0.481173
0.601910
0.528604
0.621557
0.388924
0.491119
0.421597
0.539794
0.558118
0.615066
0.500987
0.501412
0.473512
0.576312
0.599512
0.467020
0.514716
0.284221
0.411019
0.552599
0.582027
0.400134
0.562509
0.401409
0.610716
0.580337
0.393886
0.317427
0.398410
0.611828
0.473426
0.361243
0.608936
0.536846
0.468930
0.360280
0.524682
0.476714
0.127408
0.201066
0.463748
0.529041
0.542646
0.523978
0.460198
0.591775
0.563244
0.626472
0.565317
0.307051
0.295734
0.420924
0.386915
0.522549
0.415921
0.533631
0.382836
0.549201
0.345120
0.217141
0.194955
0.539403
0.334733
0.487576
0.994799
0.426600
0.495522
0.382835
0.369211
0.329066
0.358225
0.370958
0.252890
0.544890
0.464918
0.352683
0.073538
0.511396
0.519824
0.251242
0.280742
0.469027
0.146987
0.266845
0.213929
0.391832
0.430869
0.344796
0.400694
0.354628
0.114628
0.365985
0.360074
0.187702
0.396097
0.423814
0.169077
0.284872
0.451309
0.366306
0.331963
0.195276
0.396143
0.423101
0.412840
0.120641
0.478983
0.418541
0.151268
0.426201
0.358449
0.270245
0.464729
0.588622
0.500157
0.184072
0.502267
0.425081
0.354265
0.282571
0.497586
0.219271
0.538402
0.488734
0.414906
0.089757
0.265682
0.438607
0.419366
0.157260
0.240567
0.469889
0.402323
0.221094
0.470607
0.381890
0.201318
0.217123
0.185358
0.427283
0.388538
0.240270
0.215154
0.427300
0.246745
0.490342
0.362813
0.349615
0.163526
0.529328
0.291612
0.445878
0.443725
0.539929
0.135319
0.404516
0.588624
0.475925
0.421542
0.160787
0.377425
0.550864
0.426600
0.994799
0.438985
0.547370
0.623988
0.449437
0.422093
0.497251
0.445833
0.528173
0.557038
0.436146
0.521117
0.468466
0.471664
0.435703
0.260983
0.521387
0.461337
0.306228
0.390175
0.529944
0.521443
0.422471
0.385787
0.463811
0.487935
0.494238
0.339875
0.452810
0.381601
0.474812
0.393716
0.447708
0.310590
0.501182
0.623365
0.556216
0.528441
0.431675
0.425681
0.412825
0.563814
0.779969
0.394407
0.470280
0.466462
0.431754
0.533302
0.408290
0.424932
0.454944
0.269513
0.408837
0.469451
0.499930
0.514344
0.220917
0.588289
0.312469
0.257476
0.334171
0.176047
0.542285
0.343140
0.409639
0.478206
0.197170
0.535527
0.260793
0.487059
0.535837
0.131539
0.355127
0.349947
0.717883
0.527506
0.554708
0.535326
0.540701
0.605147
0.470721
0.630839
0.324199
0.369280
0.437980
0.492956
0.422994
0.295051
0.220963
0.493811
0.494020
0.343639
0.433247
0.332564
0.492726
0.425305
0.477942
0.495522
0.438985
0.994799
0.561538
0.448419
0.646595
0.160799
0.382703
0.150127
0.500332
0.222687
0.450313
0.242327
0.401590
0.451087
0.383594
0.389911
0.426839
0.319582
0.392678
0.274422
0.621376
0.495542
0.476892
0.457777
0.451363
0.170118
0.312161
0.398935
0.274100
0.616496
0.471683
0.131345
0.407432
0.428786
0.414078
0.367257
0.274449
0.273252
0.408505
0.393247
0.192006
0.450504
0.466958
0.346478
0.438227
0.442616
0.380051
0.460948
0.485834
0.427630
0.187300
0.470115
0.494933
0.452847
0.365110
0.456683
0.432434
0.490363
0.542439
0.459342
0.157206
0.399765
0.527041
0.452622
0.187407
0.299764
0.411696
0.247475
0.287221
0.440008
0.428526
0.239242
0.305860
0.330403
0.442092
0.422790
0.401766
0.404860
0.467940
0.323025
0.538034
0.489356
0.418135
0.248320
0.510879
0.324626
0.401303
0.478615
0.468399
0.214198
0.466598
0.499139
0.643120
0.478417
0.462849
0.530186
0.621625
0.382835
0.547370
0.561538
0.994799
0.584757
0.478967
0.410028
0.463317
0.434915
0.482032
0.547238
0.570323
0.513004
0.543248
0.432714
0.499827
0.449982
0.569176
0.522997
0.492222
0.562803
0.493172
0.714848
0.432335
0.506069
0.444522
0.447076
0.428538
0.386038
0.550262
0.437491
0.490816
0.423496
0.584031
0.418082
0.591546
0.573376
0.538712
0.415730
0.459216
0.375356
0.486720
0.524390
0.581372
0.519591
0.492034
0.709729
0.466340
0.773939
0.533235
0.468507
0.463072
0.504223
0.536137
0.601266
0.427697
0.536571
0.555607
0.572651
0.582118
0.478051
0.416930
0.333743
0.598338
0.571789
0.472502
0.428964
0.521747
0.436660
0.283204
0.546725
0.461629
0.120129
0.242741
0.472346
0.511898
0.646740
0.481906
0.457665
0.616377
0.539946
0.530940
0.759497
0.451119
0.362133
0.502936
0.439094
0.553967
0.395944
0.536422
0.385480
0.620895
0.599228
0.468973
0.272318
0.259897
0.559511
0.528700
0.369211
0.623988
0.448419
0.584757
0.994799
0.413310
0.372041
0.364517
0.420698
0.514046
0.599683
0.309068
0.494212
0.503063
0.262534
0.434344
0.217333
0.580843
0.451345
0.475644
0.537195
0.482089
0.545638
0.462175
0.411059
0.461017
0.486770
0.318262
0.439555
0.395742
0.378578
0.267239
0.342235
0.418539
0.193610
0.622909
0.474364
0.631530
0.332102
0.456266
0.408307
0.444553
0.600168
0.646520
0.392663
0.361384
0.500142
0.283044
0.535754
0.287547
0.456799
0.435415
0.313132
0.354771
0.378268
0.368228
0.502051
0.314945
0.601697
0.469991
0.476533
0.201326
0.171049
0.469533
0.475391
0.502651
0.391848
0.268992
0.502757
0.279342
0.514708
0.526721
0.147496
0.386027
0.457885
0.484535
0.512765
0.475341
0.506140
0.535277
0.657756
0.532423
0.595670
0.282186
0.217577
0.384872
0.512702
0.195376
0.478957
0.409771
0.376552
0.504601
0.445246
0.477360
0.456246
0.355481
0.342241
0.527894
0.329066
0.449437
0.646595
0.478967
0.413310
0.994799
0.357694
0.425972
0.374738
0.404410
0.365146
0.488345
0.350790
0.378401
0.617396
0.410272
0.316451
0.379611
0.291513
0.347819
0.401199
0.464976
0.381739
0.675381
0.459980
0.326809
0.327127
0.344194
0.304462
0.351599
0.516922
0.406164
0.386364
0.351669
0.436922
0.450745
0.381904
0.440726
0.241492
0.384307
0.409177
0.437059
0.450068
0.466713
0.467372
0.435285
0.460911
0.450036
0.476728
0.345719
0.443756
0.322400
0.313835
0.479076
0.666405
0.230875
0.468934
0.409197
0.477999
0.458128
0.315076
0.236609
0.348093
0.524320
0.499234
0.374205
0.417021
0.388160
0.397769
0.269228
0.412362
0.459856
0.252711
0.266626
0.445721
0.452503
0.449144
0.450702
0.433278
0.466238
0.411056
0.562695
0.467419
0.393624
0.358748
0.421470
0.374892
0.455915
0.381060
0.294935
0.366380
0.445146
0.496985
0.432373
0.322056
0.237440
0.447389
0.532764
0.358225
0.422093
0.160799
0.410028
0.372041
0.357694
0.994799
0.450908
0.513066
0.449498
0.569102
0.489358
0.364337
0.652357
0.422602
0.421436
0.132519
0.517399
0.401079
0.409805
0.460804
0.215242
0.342170
0.303117
0.559814
0.350246
0.470367
0.464566
0.213105
0.493442
0.132346
0.369504
0.547021
0.305600
0.331769
0.470856
0.451195
0.587779
0.442086
0.336305
0.458262
0.490220
0.524575
0.539751
0.500901
0.484294
0.494022
0.352365
0.531702
0.455680
0.598794
0.370090
0.305143
0.354916
0.550272
0.195468
0.504064
0.314596
0.576317
0.356252
0.213909
0.382988
0.194921
0.413402
0.459381
0.342537
0.445561
0.439302
0.576415
0.144792
0.475613
0.470910
0.114852
0.184792
0.365375
0.462371
0.415803
0.362554
0.408340
0.542307
0.430417
0.376136
0.325343
0.206295
0.294352
0.250142
0.242770
0.420815
0.198583
0.324586
0.152227
0.513509
0.518501
0.301597
0.485772
0.227187
0.552433
0.520364
0.370958
0.497251
0.382703
0.463317
0.364517
0.425972
0.450908
0.994799
0.479195
0.465747
0.360134
0.476393
0.460615
0.494233
0.370106
0.539623
0.352175
0.473984
0.380007
0.125831
0.510497
0.425274
0.336521
0.458758
0.518037
0.336419
0.541895
0.427486
0.136432
0.369581
0.178876
0.440971
0.393910
0.413948
0.262701
0.275711
0.297594
0.473308
0.532432
0.320875
0.479109
0.536077
0.547418
0.569920
0.447335
0.419559
0.404254
0.692282
0.477742
0.544288
0.522730
0.199078
0.179458
0.399300
0.504713
0.359784
0.430491
0.276347
0.533546
0.374213
0.184100
0.201536
0.424890
0.385313
0.415038
0.202517
0.427848
0.250946
0.474497
0.360388
0.341283
0.492432
0.252222
0.509276
0.197368
0.463029
0.529908
0.491208
0.479484
0.260971
0.397549
0.369289
0.506836
0.320198
0.308916
0.305853
0.509510
0.433529
0.141516
0.414135
0.275967
0.503508
0.495893
0.389252
0.443431
0.118858
0.429154
0.405765
0.252890
0.445833
0.150127
0.434915
0.420698
0.374738
0.513066
0.479195
0.994799
0.403631
0.494714
0.460449
0.341322
0.543420
0.310184
0.468770
0.119957
0.456880
0.334843
0.138586
0.504567
0.173578
0.228020
0.323348
0.463332
0.346962
0.463871
0.494521
0.114683
0.466243
0.127077
0.370717
0.524485
0.475519
0.290795
0.417374
0.507062
0.595999
0.609128
0.313723
0.457354
0.548620
0.504271
0.558910
0.442043
0.342370
0.419881
0.401575
0.517597
0.344295
0.534981
0.515838
0.113302
0.400093
0.496636
0.268425
0.372295
0.365484
0.541780
0.195131
0.130424
0.433679
0.194607
0.476491
0.454531
0.486611
0.452883
0.433577
0.711880
0.167201
0.434774
0.467373
0.267596
0.308968
0.382622
0.451616
0.448370
0.453552
0.460156
0.289924
0.537701
0.402713
0.464327
0.210448
0.385963
0.181549
0.458419
0.476091
0.066814
0.101235
0.324502
0.519051
0.400990
0.453788
0.428224
0.376500
0.884021
0.553438
0.544890
0.528173
0.500332
0.482032
0.514046
0.404410
0.449498
0.465747
0.403631
0.994799
0.547480
0.516374
0.327403
0.682675
0.532525
0.516792
0.410616
0.566679
0.401718
0.314440
0.431460
0.483995
0.452281
0.524515
0.658907
0.622303
0.406949
0.509289
0.532098
0.353494
0.463063
0.492190
0.275788
0.546943
0.464309
0.437908
0.489645
0.435566
0.472278
0.461832
0.621444
0.354293
0.803194
0.667919
0.492822
0.544441
0.505315
0.388270
0.533787
0.550011
0.742847
0.409381
0.474497
0.449907
0.497084
0.349030
0.720590
0.343677
0.910783
0.647250
0.466762
0.150756
0.479246
0.449887
0.532299
0.242463
0.332455
0.491144
0.448089
0.442963
0.503236
0.476075
0.444928
0.481516
0.265257
0.499989
0.340323
0.313783
0.403346
0.381690
0.474582
0.549994
0.504779
0.477375
0.312314
0.539767
0.525556
0.522070
0.506365
0.504330
0.250877
0.533825
0.651857
0.456106
0.417840
0.343500
0.577335
0.599884
0.464918
0.557038
0.222687
0.547238
0.599683
0.365146
0.569102
0.360134
0.494714
0.547480
0.994799
0.508853
0.465355
0.622568
0.384297
0.461404
0.324130
0.584552
0.433008
0.432836
0.523159
0.390119
0.539365
0.329233
0.548768
0.455181
0.475464
0.473831
0.371988
0.488410
0.318246
0.295430
0.577773
0.301667
0.375512
0.638972
0.642618
0.615281
0.474657
0.460832
0.508379
0.514920
0.577701
0.609984
0.449096
0.546630
0.497476
0.381321
0.564241
0.491241
0.579070
0.529117
0.481169
0.465887
0.488744
0.344974
0.546519
0.333931
0.648322
0.386683
0.334067
0.478053
0.282792
0.576847
0.494167
0.487001
0.465233
0.505303
0.553426
0.317410
0.549841
0.467887
0.138268
0.274020
0.425017
0.499375
0.495619
0.408743
0.490057
0.547566
0.634791
0.432556
0.523788
0.368123
0.427334
0.378696
0.427639
0.517276
0.257375
0.431669
0.432957
0.568220
0.410940
0.419307
0.921496
0.444183
0.525935
0.545230
0.352683
0.436146
0.450313
0.570323
0.309068
0.488345
0.489358
0.476393
0.460449
0.516374
0.508853
0.994799
0.531185
0.529725
0.437180
0.497451
0.388071
0.505976
0.541394
0.267930
0.541174
0.490432
0.467768
0.434674
0.580621
0.524961
0.473806
0.490978
0.314778
0.523921
0.389612
0.419061
0.454388
0.538989
0.470200
0.495364
0.542678
0.430797
0.446848
0.478807
0.503083
0.495881
0.546916
0.583726
0.780228
0.478683
0.522058
0.520802
0.726069
0.489122
0.530132
0.461919
0.397696
0.682786
0.849048
0.393032
0.502476
0.488861
0.559707
0.484202
0.356136
0.455566
0.392711
0.507008
0.571447
0.294306
0.498140
0.494898
0.444249
0.319222
0.456475
0.432877
0.281950
0.325285
0.359731
0.492491
0.481216
0.476148
0.467878
0.477463
0.365582
0.407400
0.500059
0.401952
0.447577
0.400271
0.494218
0.654854
0.223170
0.404131
0.436926
0.517844
0.439168
0.449263
0.448270
0.072635
0.478647
0.510199
0.073538
0.521117
0.242327
0.513004
0.494212
0.350790
0.364337
0.460615
0.341322
0.327403
0.465355
0.531185
0.994799
0.305691
0.285917
0.542857
0.239459
0.357377
0.547643
0.240710
0.524950
0.495258
0.373961
0.283648
0.467579
0.494368
0.718930
0.498802
0.171188
0.588323
0.095798
0.367016
0.457687
0.417278
0.156176
0.359729
0.565924
0.526421
0.256485
0.258411
0.449702
0.580008
0.519684
0.644133
0.520748
0.461463
0.452440
0.487394
0.518301
0.194292
0.382023
0.362727
0.160191
0.344704
0.540628
0.338680
0.344531
0.325325
0.545824
0.316315
0.172082
0.444576
0.119880
0.382162
0.301054
0.366410
0.499153
0.195262
0.268079
0.220527
0.304375
0.455777
0.039980
0.286804
0.251650
0.418962
0.297017
0.536765
0.555918
0.353034
0.521118
0.275537
0.564329
0.177209
0.446156
0.160555
0.488385
0.352603
0.100668
0.176706
0.469312
0.427868
0.540563
0.439951
0.381303
0.425535
0.681594
0.555398
0.511396
0.468466
0.401590
0.543248
0.503063
0.378401
0.652357
0.494233
0.543420
0.682675
0.622568
0.529725
0.305691
0.994799
0.488888
0.479904
0.321980
0.595988
0.420534
0.342666
0.500212
0.383332
0.492028
0.435317
0.740575
0.469563
0.406073
0.548540
0.400320
0.430337
0.307267
0.502618
0.420699
0.458173
0.421609
0.568367
0.423170
0.512143
0.515404
0.410587
0.576577
0.480985
0.842672
0.667084
0.476609
0.528928
0.480911
0.417713
0.587145
0.541540
0.867169
0.374243
0.487819
0.523003
0.602621
0.305393
0.804516
0.464882
0.856677
0.533936
0.336496
0.230713
0.387750
0.460219
0.523987
0.310014
0.477787
0.602182
0.526562
0.365730
0.547191
0.492557
0.336310
0.426768
0.347642
0.501719
0.477970
0.366766
0.400796
0.510719
0.455262
0.464857
0.473191
0.356625
0.375967
0.484748
0.533374
0.509541
0.473342
0.518459
0.191711
0.555483
0.371879
0.460038
0.359690
0.221906
0.473184
0.463064
0.519824
0.471664
0.451087
0.432714
0.262534
0.617396
0.422602
0.370106
0.310184
0.532525
0.384297
0.437180
0.285917
0.488888
0.994799
0.411676
0.368291
0.418723
0.219700
0.233694
0.236536
0.434026
0.307959
0.433315
0.523534
0.505195
0.262935
0.521850
0.487748
0.289916
0.443967
0.463482
0.362294
0.381148
0.383406
0.445700
0.367419
0.310999
0.205361
0.343534
0.449257
0.341733
0.479884
0.518243
0.321563
0.426971
0.374547
0.292679
0.451833
0.499086
0.550304
0.301540
0.498894
0.419465
0.462322
0.194575
0.618024
0.362434
0.558700
0.554832
0.313721
0.246559
0.374639
0.461308
0.443361
0.249865
0.460190
0.301729
0.236792
0.384364
0.445306
0.433530
0.380850
0.367182
0.349740
0.444733
0.353508
0.417301
0.373199
0.441617
0.410559
0.477727
0.425853
0.435808
0.457900
0.443226
0.375079
0.488859
0.376424
0.373778
0.383006
0.358801
0.526354
0.448402
0.482215
0.193659
0.737602
0.524189
0.251242
0.435703
0.383594
0.499827
0.434344
0.410272
0.421436
0.539623
0.468770
0.516792
0.461404
0.497451
0.542857
0.479904
0.411676
0.994799
0.450772
0.496496
0.542986
0.160534
0.621494
0.519326
0.320000
0.468345
0.550680
0.505745
0.500916
0.334650
0.312789
0.388686
0.205703
0.373034
0.381018
0.469943
0.301717
0.335978
0.545774
0.540466
0.406967
0.444524
0.528789
0.560740
0.542681
0.762066
0.517937
0.415296
0.448455
0.491198
0.545753
0.475621
0.514593
0.389935
0.245182
0.443848
0.540563
0.404461
0.474332
0.394582
0.564163
0.349172
0.254620
0.396693
0.454307
0.510437
0.504386
0.355793
0.198648
0.394261
0.398122
0.474839
0.408188
0.472201
0.433577
0.664179
0.329498
0.471847
0.446353
0.502017
0.501592
0.218253
0.521935
0.469520
0.551850
0.445754
0.315747
0.359708
0.629025
0.353838
0.212304
0.333354
0.619875
0.513105
0.429691
0.328289
0.238379
0.256683
0.536964
0.459210
0.280742
0.260983
0.389911
0.449982
0.217333
0.316451
0.132519
0.352175
0.119957
0.410616
0.324130
0.388071
0.239459
0.321980
0.368291
0.450772
0.994799
0.299961
0.159388
0.203248
0.376172
0.445637
0.397243
0.476328
0.512233
0.384062
0.263893
0.186743
0.412316
0.132237
0.329253
0.292273
0.118597
0.310332
0.391566
0.243779
0.288072
0.322626
0.105576
0.374295
0.463019
0.232458
0.495361
0.516383
0.282241
0.395351
0.360060
0.508023
0.441650
0.446098
0.398686
0.210714
0.445178
0.449292
0.388089
0.300650
0.458648
0.344646
0.476427
0.466387
0.311918
0.208652
0.470448
0.445869
0.536577
0.108376
0.176331
0.343750
0.162201
0.495504
0.397176
0.403675
0.371998
0.397193
0.172564
0.310782
0.253601
0.381681
0.318686
0.205355
0.314421
0.433858
0.424879
0.707102
0.341772
0.686899
0.469117
0.300562
0.433672
0.528448
0.315550
0.461143
0.536046
0.434398
0.437926
0.439583
0.588407
0.579779
0.469027
0.521387
0.426839
0.569176
0.580843
0.379611
0.517399
0.473984
0.456880
0.566679
0.584552
0.505976
0.357377
0.595988
0.418723
0.496496
0.299961
0.994799
0.504652
0.345924
0.572924
0.480423
0.545915
0.405995
0.563848
0.511135
0.403968
0.401552
0.394885
0.521472
0.364023
0.331258
0.523809
0.443002
0.294579
0.547121
0.480331
0.459772
0.646192
0.443171
0.498391
0.439034
0.560997
0.576152
0.518387
0.493904
0.485828
0.421720
0.570993
0.481345
0.550630
0.405697
0.445462
0.485754
0.527101
0.448628
0.462539
0.555259
0.583512
0.495597
0.454730
0.233774
0.293862
0.520360
0.427381
0.430383
0.385186
0.467066
0.526004
0.252832
0.543476
0.440083
0.200614
0.411003
0.467417
0.518754
0.587910
0.433864
0.489672
0.574292
0.504607
0.310903
0.551850
0.305683
0.213313
0.457665
0.523733
0.507284
0.440453
0.477141
0.290526
0.499557
0.382949
0.437396
0.514623
0.205028
0.517863
0.477690
0.146987
0.461337
0.319582
0.522997
0.451345
0.291513
0.401079
0.380007
0.334843
0.401718
0.433008
0.541394
0.547643
0.420534
0.219700
0.542986
0.159388
0.504652
0.994799
0.349803
0.725066
0.516275
0.396521
0.358154
0.396149
0.563398
0.545158
0.468406
0.218375
0.911879
0.220390
0.371423
0.372449
0.514211
0.256660
0.420738
0.558380
0.492024
0.402588
0.372775
0.315871
0.486468
0.465961
0.590174
0.735016
0.398578
0.477374
0.400368
0.528887
0.269420
0.364192
0.442830
0.199105
0.456894
0.514126
0.316628
0.351650
0.337881
0.484806
0.399083
0.240038
0.404966
0.147301
0.358576
0.402063
0.457945
0.397456
0.194113
0.345756
0.148613
0.354332
0.331386
0.084617
0.334993
0.405201
0.377832
0.337028
0.407997
0.401550
0.383340
0.456830
0.419172
0.489376
0.117616
0.308288
0.116404
0.507685
0.353472
0.166804
0.334274
0.416767
0.462476
0.339775
0.446750
0.119638
0.416535
0.291856
0.440970
0.266845
0.306228
0.392678
0.492222
0.475644
0.347819
0.409805
0.125831
0.138586
0.314440
0.432836
0.267930
0.240710
0.342666
0.233694
0.160534
0.203248
0.345924
0.349803
0.994799
0.273283
0.353574
0.485024
0.282513
0.256652
0.302095
0.196133
0.142632
0.396443
0.413010
0.415181
0.145534
0.226142
0.128372
0.207747
0.453743
0.320538
0.375591
0.114639
0.394402
0.185390
0.156248
0.289171
0.337131
0.342821
0.495396
0.774953
0.100923
0.500174
0.250958
0.291802
0.232670
0.427854
0.273383
0.266612
0.227099
0.410996
0.326758
0.373671
0.453422
0.457214
0.232018
0.093624
0.366216
0.397264
0.298010
0.197028
0.285262
0.229559
0.101522
0.439775
0.410979
0.015516
0.053114
0.449590
0.351409
0.428890
0.238912
0.310285
0.682137
0.307100
0.430245
0.383840
0.184557
0.095984
0.311996
0.152185
0.155038
0.478256
0.385287
0.060666
0.351662
0.528736
0.459346
0.495799
0.300718
0.571483
0.540871
0.213929
0.390175
0.274422
0.562803
0.537195
0.401199
0.460804
0.510497
0.504567
0.431460
0.523159
0.541174
0.524950
0.500212
0.236536
0.621494
0.376172
0.572924
0.725066
0.273283
0.994799
0.430790
0.430845
0.442853
0.541614
0.528964
0.529432
0.361641
0.194833
0.716415
0.191243
0.321469
0.519007
0.514262
0.271291
0.421858
0.562607
0.625659
0.458770
0.441638
0.535557
0.620077
0.555527
0.620606
0.753237
0.419874
0.483062
0.542247
0.580117
0.456102
0.493030
0.371050
0.183233
0.502227
0.585579
0.363239
0.384187
0.459533
0.563589
0.467152
0.229092
0.406912
0.419654
0.516402
0.524864
0.435482
0.282549
0.382935
0.544329
0.290003
0.472363
0.480186
0.204837
0.469328
0.434339
0.397304
0.531148
0.495388
0.533616
0.330302
0.514040
0.449258
0.580728
0.275850
0.285235
0.260518
0.546009
0.327634
0.142206
0.359072
0.403715
0.702821
0.457544
0.458641
0.409014
0.347600
0.462981
0.586928
0.391832
0.529944
0.621376
0.493172
0.482089
0.464976
0.215242
0.425274
0.173578
0.483995
0.390119
0.490432
0.495258
0.383332
0.434026
0.519326
0.445637
0.480423
0.516275
0.353574
0.430790
0.994799
0.446406
0.446264
0.486770
0.493533
0.426126
0.341217
0.415084
0.458640
0.420505
0.354263
0.197572
0.456724
0.340686
0.440621
0.483645
0.368897
0.317270
0.475416
0.460677
0.317757
0.527870
0.684111
0.413874
0.454309
0.428417
0.474073
0.448281
0.424043
0.388936
0.350962
0.380747
0.467753
0.448324
0.420780
0.467421
0.403105
0.511099
0.480723
0.401513
0.260452
0.276252
0.473640
0.427460
0.331856
0.417172
0.260557
0.272293
0.322580
0.464441
0.413879
0.181965
0.482013
0.330106
0.475190
0.415791
0.464294
0.417529
0.429749
0.494056
0.478445
0.494616
0.390665
0.409571
0.432523
0.510586
0.432368
0.455683
0.440638
0.464055
0.445063
0.540663
0.419487
0.290739
0.467534
0.504074
0.453528
0.430869
0.521443
0.495542
0.714848
0.545638
0.381739
0.342170
0.336521
0.228020
0.452281
0.539365
0.467768
0.373961
0.492028
0.307959
0.320000
0.397243
0.545915
0.396521
0.485024
0.430845
0.446406
0.994799
0.390530
0.410196
0.402983
0.335103
0.253734
0.440590
0.448324
0.390696
0.238224
0.215322
0.267857
0.293223
0.545976
0.456382
0.290529
0.392982
0.420371
0.446966
0.231771
0.454049
0.535454
0.421409
0.528389
0.671169
0.292496
0.516319
0.413122
0.412715
0.241466
0.471145
0.472243
0.406122
0.389386
0.448570
0.503864
0.544421
0.537294
0.595868
0.223892
0.203237
0.498782
0.409966
0.329621
0.187071
0.431659
0.334561
0.166055
0.488212
0.464577
0.086461
0.204819
0.392614
0.409499
0.526394
0.415683
0.423079
0.572693
0.452084
0.359678
0.617373
0.249587
0.211465
0.446148
0.292601
0.375225
0.446967
0.507084
0.102423
0.536341
0.465834
0.467892
0.396290
0.310507
0.497027
0.518955
0.344796
0.422471
0.476892
0.432335
0.462175
0.675381
0.303117
0.458758
0.323348
0.524515
0.329233
0.434674
0.283648
0.435317
0.433315
0.468345
0.476328
0.405995
0.358154
0.282513
0.442853
0.446264
0.390530
0.994799
0.469143
0.458297
0.410164
0.341422
0.340333
0.204321
0.421894
0.404711
0.098408
0.375173
0.426430
0.410954
0.200652
0.495122
0.209563
0.349634
0.429632
0.391768
0.495629
0.513070
0.462522
0.390434
0.501103
0.398911
0.449448
0.376004
0.486272
0.156528
0.237745
0.470524
0.464307
0.167370
0.458485
0.292949
0.544788
0.519812
0.317001
0.118061
0.411377
0.414770
0.483510
0.271884
0.365271
0.374801
0.293910
0.385750
0.404809
0.420397
0.408801
0.422159
0.338806
0.421306
0.298433
0.416071
0.383489
0.370511
0.449713
0.737995
0.499510
0.405317
0.152319
0.424646
0.411464
0.247889
0.445960
0.480021
0.232406
0.448130
0.547571
0.377001
0.336744
0.437856
0.863190
0.583890
0.400694
0.385787
0.457777
0.506069
0.411059
0.459980
0.559814
0.518037
0.463332
0.658907
0.548768
0.580621
0.467579
0.740575
0.523534
0.550680
0.512233
0.563848
0.396149
0.256652
0.541614
0.486770
0.410196
0.469143
0.994799
0.513500
0.440824
0.486472
0.512906
0.333710
0.254501
0.450651
0.431211
0.405762
0.390811
0.438636
0.500909
0.590093
0.298713
0.472493
0.760195
0.545272
0.883464
0.686131
0.467498
0.457246
0.499345
0.508631
0.532598
0.517312
0.851140
0.358432
0.468321
0.475907
0.595969
0.394555
0.792702
0.609816
0.842645
0.607304
0.452258
0.376763
0.557769
0.535321
0.565708
0.262028
0.444814
0.507447
0.355878
0.513772
0.513575
0.570145
0.450441
0.461466
0.414608
0.461076
0.482471
0.501685
0.529997
0.396788
0.552496
0.461097
0.517442
0.426539
0.510898
0.532441
0.601973
0.458115
0.467555
0.548827
0.367846
0.592134
0.298712
0.464347
0.481993
0.230084
0.617982
0.360992
0.354628
0.463811
0.451363
0.444522
0.461017
0.326809
0.350246
0.336419
0.346962
0.622303
0.455181
0.524961
0.494368
0.469563
0.505195
0.505745
0.384062
0.511135
0.563398
0.302095
0.528964
0.493533
0.402983
0.458297
0.513500
0.994799
0.418489
0.463294
0.581684
0.597740
0.359924
0.390789
0.333786
0.587622
0.429037
0.311108
0.531133
0.509528
0.361454
0.413696
0.392312
0.358419
0.554732
0.623200
0.533265
0.483135
0.464451
0.336985
0.567961
0.470883
0.572658
0.524135
0.414935
0.458217
0.568078
0.234189
0.499900
0.303268
0.614722
0.617633
0.385747
0.266179
0.240873
0.444168
0.486718
0.330901
0.288345
0.334551
0.424204
0.241145
0.468097
0.351135
0.322653
0.370155
0.293165
0.409100
0.288812
0.218975
0.302326
0.350431
0.386215
0.474799
0.430553
0.376934
0.450956
0.416666
0.468804
0.517855
0.396779
0.359911
0.405773
0.517907
0.431547
0.428605
0.460987
0.122178
0.458402
0.454164
0.114628
0.487935
0.170118
0.447076
0.486770
0.327127
0.470367
0.541895
0.463871
0.406949
0.475464
0.473806
0.718930
0.406073
0.262935
0.500916
0.263893
0.403968
0.545158
0.196133
0.529432
0.426126
0.335103
0.410164
0.440824
0.418489
0.994799
0.443043
0.159371
0.481636
0.105266
0.331764
0.427312
0.322241
0.138418
0.373111
0.436589
0.489999
0.434968
0.278079
0.477722
0.562899
0.532788
0.557547
0.496171
0.403537
0.434335
0.484862
0.490151
0.278457
0.415777
0.390881
0.186070
0.319243
0.477906
0.302489
0.394317
0.237204
0.518892
0.243773
0.163283
0.415156
0.214652
0.348199
0.367172
0.344866
0.375274
0.151147
0.357456
0.291182
0.320705
0.472682
0.205335
0.428087
0.224530
0.439164
0.307844
0.490047
0.498978
0.201101
0.514224
0.389503
0.521127
0.202219
0.376148
0.140635
0.502669
0.327080
0.074698
0.248178
0.444158
0.446289
0.430592
0.415106
0.293169
0.134698
0.367461
0.514332
0.365985
0.494238
0.312161
0.428538
0.318262
0.344194
0.464566
0.427486
0.494521
0.509289
0.473831
0.490978
0.498802
0.548540
0.521850
0.334650
0.186743
0.401552
0.468406
0.142632
0.361641
0.341217
0.253734
0.341422
0.486472
0.463294
0.443043
0.994799
0.231103
0.478396
0.162309
0.567866
0.311472
0.468737
0.296947
0.366325
0.376692
0.425769
0.402944
0.263979
0.404727
0.452907
0.514817
0.581897
0.364777
0.389490
0.373219
0.406408
0.458868
0.495854
0.545226
0.284974
0.322753
0.390337
0.466264
0.274744
0.477381
0.183983
0.576116
0.493177
0.103291
0.293260
0.159157
0.454515
0.260419
0.258070
0.755700
0.314541
0.355732
0.246872
0.376016
0.359676
0.150602
0.229332
0.181202
0.490182
0.242208
0.401832
0.293555
0.362519
0.520860
0.353967
0.498157
0.210918
0.482984
0.162013
0.408600
0.529304
0.136410
0.280585
0.349734
0.418012
0.277341
0.376088
0.143717
0.227127
0.534158
0.282282
0.360074
0.339875
0.398935
0.386038
0.439555
0.304462
0.213105
0.136432
0.114683
0.532098
0.371988
0.314778
0.171188
0.400320
0.487748
0.312789
0.412316
0.394885
0.218375
0.396443
0.194833
0.415084
0.440590
0.340333
0.512906
0.581684
0.159371
0.231103
0.994799
0.213892
0.403150
0.201120
0.127895
0.252362
0.254016
0.336256
0.375572
0.277962
0.117181
0.413839
0.346730
0.221817
0.479115
0.493115
0.174181
0.393929
0.355798
0.158663
0.434658
0.374095
0.501144
0.400018
0.463548
0.181302
0.254642
0.199513
0.479576
0.273093
0.515778
0.497743
0.654330
0.159647
0.347591
0.335036
0.404010
0.216213
0.145529
0.228107
0.185801
0.333585
0.515664
0.315983
0.316027
0.240585
0.291496
0.291745
0.214889
0.156312
0.218698
0.342426
0.385197
0.416590
0.279611
0.410632
0.219138
0.518263
0.334000
0.170905
0.717534
0.391877
0.198613
0.284922
0.361603
0.383793
0.458867
0.244385
0.407889
0.542140
0.187702
0.452810
0.274100
0.550262
0.395742
0.351599
0.493442
0.369581
0.466243
0.353494
0.488410
0.523921
0.588323
0.430337
0.289916
0.388686
0.132237
0.521472
0.911879
0.413010
0.716415
0.458640
0.448324
0.204321
0.333710
0.597740
0.481636
0.478396
0.213892
0.994799
0.252640
0.280824
0.492255
0.502468
0.313811
0.488570
0.559968
0.504060
0.444130
0.388607
0.213386
0.483717
0.361881
0.552853
0.580944
0.423784
0.474600
0.316208
0.591073
0.351741
0.324110
0.433715
0.306904
0.481883
0.574945
0.364845
0.322568
0.380905
0.459617
0.483349
0.251423
0.439574
0.069159
0.433325
0.385907
0.470008
0.449933
0.266567
0.472448
0.073277
0.419682
0.370250
0.024335
0.173487
0.436687
0.381007
0.483032
0.385318
0.334544
0.506855
0.395262
0.358266
0.478733
0.128128
0.411361
0.111281
0.328061
0.470584
0.108381
0.223361
0.379786
0.483660
0.355714
0.459885
0.248009
0.364234
0.331788
0.420080
0.396097
0.381601
0.616496
0.437491
0.378578
0.516922
0.132346
0.178876
0.127077
0.463063
0.318246
0.389612
0.095798
0.307267
0.443967
0.205703
0.329253
0.364023
0.220390
0.415181
0.191243
0.420505
0.390696
0.421894
0.254501
0.359924
0.105266
0.162309
0.403150
0.252640
0.994799
0.359741
0.191369
0.318753
0.456537
0.375861
0.260843
0.195524
0.208976
0.407876
0.249180
0.163424
0.416118
0.375139
0.218057
0.339751
0.428553
0.176454
0.413369
0.367698
0.318791
0.309325
0.425524
0.415557
0.327331
0.252987
0.426266
0.315006
0.420372
0.433583
0.405868
0.162021
0.257149
0.408669
0.417665
0.320963
0.205074
0.316000
0.277347
0.233265
0.420243
0.377256
0.181868
0.165864
0.412676
0.424844
0.364787
0.256363
0.279428
0.428196
0.304070
0.460935
0.330776
0.408063
0.183413
0.438807
0.154812
0.333676
0.442999
0.409623
0.097485
0.331492
0.457936
0.404379
0.397454
0.226559
0.432575
0.486978
0.423814
0.474812
0.471683
0.490816
0.267239
0.406164
0.369504
0.440971
0.370717
0.492190
0.295430
0.419061
0.367016
0.502618
0.463482
0.373034
0.292273
0.331258
0.371423
0.145534
0.321469
0.354263
0.238224
0.404711
0.450651
0.390789
0.331764
0.567866
0.201120
0.280824
0.359741
0.994799
0.221434
0.537562
0.457446
0.227078
0.251983
0.329050
0.338408
0.314135
0.431974
0.329265
0.506021
0.525569
0.319118
0.289504
0.389446
0.492535
0.385188
0.463537
0.517662
0.173656
0.331496
0.516722
0.414846
0.253195
0.499536
0.212510
0.542756
0.462046
0.120046
0.227180
0.414339
0.372339
0.353360
0.246625
0.538190
0.357488
0.281754
0.436257
0.319074
0.439705
0.292711
0.243937
0.305245
0.564627
0.227282
0.429075
0.393036
0.285953
0.397161
0.461883
0.487532
0.307684
0.514326
0.276378
0.330976
0.556462
0.279452
0.450114
0.218610
0.381758
0.431801
0.385705
0.447702
0.134296
0.331062
0.289286
0.169077
0.393716
0.131345
0.423496
0.342235
0.386364
0.547021
0.393910
0.524485
0.275788
0.577773
0.454388
0.457687
0.420699
0.362294
0.381018
0.118597
0.523809
0.372449
0.226142
0.519007
0.197572
0.215322
0.098408
0.431211
0.333786
0.427312
0.311472
0.127895
0.492255
0.191369
0.221434
0.994799
0.311835
0.196935
0.293165
0.489949
0.521776
0.403563
0.252128
0.397222
0.586762
0.437723
0.479431
0.436298
0.318348
0.409677
0.349667
0.421040
0.264058
0.381095
0.494290
0.234879
0.378694
0.545166
0.270608
0.287379
0.294460
0.453766
0.236831
0.132797
0.448032
0.219854
0.383544
0.418244
0.462659
0.349652
0.275741
0.538688
0.181922
0.220337
0.484557
0.107885
0.193520
0.449840
0.488457
0.457064
0.462948
0.548452
0.387510
0.482351
0.188165
0.320682
0.212729
0.497031
0.189401
0.329083
0.447811
0.093197
0.140571
0.412101
0.495530
0.443298
0.449873
0.531718
0.175363
0.529696
0.443818
0.284872
0.447708
0.407432
0.584031
0.418539
0.351669
0.305600
0.413948
0.475519
0.546943
0.301667
0.538989
0.417278
0.458173
0.381148
0.469943
0.310332
0.443002
0.514211
0.128372
0.514262
0.456724
0.267857
0.375173
0.405762
0.587622
0.322241
0.468737
0.252362
0.502468
0.318753
0.537562
0.311835
0.994799
0.492821
0.335546
0.493413
0.392860
0.402585
0.373922
0.351561
0.515523
0.557624
0.613665
0.430950
0.327294
0.438478
0.508719
0.526372
0.458630
0.469744
0.388825
0.237780
0.595986
0.601074
0.378973
0.478851
0.298483
0.565152
0.401025
0.285043
0.280172
0.251353
0.506833
0.512001
0.379017
0.337055
0.406071
0.400442
0.238919
0.409488
0.486129
0.297104
0.295681
0.314832
0.466463
0.446910
0.354560
0.349706
0.310553
0.394883
0.420467
0.520188
0.364148
0.450154
0.357542
0.445277
0.514625
0.201484
0.292603
0.419013
0.535211
0.340144
0.326929
0.409426
0.451369
0.432918
0.481173
0.451309
0.310590
0.428786
0.418082
0.193610
0.436922
0.331769
0.262701
0.290795
0.464309
0.375512
0.470200
0.156176
0.421609
0.383406
0.301717
0.391566
0.294579
0.256660
0.207747
0.271291
0.340686
0.293223
0.426430
0.390811
0.429037
0.138418
0.296947
0.254016
0.313811
0.456537
0.457446
0.196935
0.492821
0.994799
0.318745
0.261365
0.202921
0.256240
0.427715
0.369699
0.251541
0.464889
0.406826
0.377010
0.426754
0.435854
0.424100
0.465364
0.450961
0.453900
0.245047
0.422239
0.711215
0.456396
0.240348
0.482880
0.238878
0.470556
0.484521
0.252560
0.184627
0.333000
0.469784
0.472899
0.132468
0.221224
0.528210
0.412264
0.242129
0.283011
0.421640
0.208487
0.119927
0.279458
0.372838
0.355883
0.284828
0.214073
0.409837
0.177543
0.478659
0.375746
0.428015
0.506524
0.431295
0.228472
0.476862
0.351782
0.398177
0.106811
0.472272
0.583767
0.532834
0.293094
0.404737
0.461461
0.601910
0.366306
0.501182
0.414078
0.591546
0.622909
0.450745
0.470856
0.275711
0.417374
0.437908
0.638972
0.495364
0.359729
0.568367
0.445700
0.335978
0.243779
0.547121
0.420738
0.453743
0.421858
0.440621
0.545976
0.410954
0.438636
0.311108
0.373111
0.366325
0.336256
0.488570
0.375861
0.227078
0.293165
0.335546
0.318745
0.994799
0.485001
0.381724
0.321789
0.319009
0.375085
0.353191
0.506649
0.562543
0.442875
0.549043
0.489597
0.258251
0.602158
0.308420
0.467828
0.412082
0.503064
0.527052
0.527747
0.141163
0.455624
0.485499
0.587384
0.493896
0.514749
0.209195
0.142910
0.527887
0.498495
0.511341
0.402251
0.449633
0.378355
0.161200
0.506583
0.437582
0.121832
0.272299
0.454326
0.444842
0.484653
0.262153
0.301544
0.591067
0.542943
0.500013
0.558381
0.235719
0.269470
0.291991
0.362400
0.549796
0.269222
0.473911
0.291281
0.544932
0.520210
0.406030
0.397768
0.321666
0.483948
0.528604
0.331963
0.623365
0.367257
0.573376
0.474364
0.381904
0.451195
0.297594
0.507062
0.489645
0.642618
0.542678
0.565924
0.423170
0.367419
0.545774
0.288072
0.480331
0.558380
0.320538
0.562607
0.483645
0.456382
0.200652
0.500909
0.531133
0.436589
0.376692
0.375572
0.559968
0.260843
0.251983
0.489949
0.493413
0.261365
0.485001
0.994799
0.594779
0.497781
0.474181
0.500740
0.539440
0.528683
0.622205
0.391742
0.478898
0.498915
0.422727
0.730237
0.440483
0.408553
0.762380
0.361906
0.445475
0.561472
0.461804
0.437518
0.408350
0.603533
0.270461
0.384420
0.775984
0.283490
0.572896
0.510687
0.450705
0.313080
0.296374
0.574685
0.314432
0.544224
0.451045
0.213478
0.276976
0.369731
0.523751
0.515572
0.458710
0.485567
0.501285
0.481931
0.302065
0.560156
0.334228
0.533033
0.454153
0.498633
0.479401
0.154210
0.266706
0.539917
0.574061
0.618949
0.443308
0.329855
0.135027
0.533827
0.621557
0.195276
0.556216
0.274449
0.538712
0.631530
0.440726
0.587779
0.473308
0.595999
0.435566
0.615281
0.430797
0.526421
0.512143
0.310999
0.540466
0.322626
0.459772
0.492024
0.375591
0.625659
0.368897
0.290529
0.495122
0.590093
0.509528
0.489999
0.425769
0.277962
0.504060
0.195524
0.329050
0.521776
0.392860
0.202921
0.381724
0.594779
0.994799
0.350015
0.420334
0.402175
0.609683
0.599857
0.657224
0.541791
0.229419
0.462300
0.500111
0.554433
0.289448
0.543358
0.506464
0.185111
0.309571
0.571493
0.335587
0.418850
0.321385
0.596772
0.450675
0.202670
0.445927
0.272657
0.523984
0.573719
0.515155
0.529435
0.298345
0.561609
0.313129
0.547232
0.514641
0.168380
0.277391
0.459645
0.501160
0.465564
0.530105
0.542144
0.460654
0.649279
0.520034
0.497466
0.312707
0.322420
0.358132
0.341679
0.220737
0.269217
0.228022
0.379344
0.595441
0.441431
0.292518
0.452743
0.246957
0.365614
0.388924
0.396143
0.528441
0.273252
0.415730
0.332102
0.241492
0.442086
0.532432
0.609128
0.472278
0.474657
0.446848
0.256485
0.515404
0.205361
0.406967
0.105576
0.646192
0.402588
0.114639
0.458770
0.317270
0.392982
0.209563
0.298713
0.361454
0.434968
0.402944
0.117181
0.444130
0.208976
0.338408
0.403563
0.402585
0.256240
0.321789
0.497781
0.350015
0.994799
0.311256
0.459333
0.386672
0.495462
0.517766
0.390937
0.418599
0.400503
0.469847
0.492083
0.487916
0.431893
0.432685
0.177508
0.385530
0.475911
0.385740
0.337848
0.235494
0.492893
0.166772
0.138548
0.327516
0.189001
0.403605
0.340851
0.266795
0.314739
0.277897
0.713352
0.128600
0.402659
0.422679
0.175618
0.379260
0.183166
0.484989
0.494074
0.398209
0.393212
0.272461
0.344228
0.206963
0.450994
0.254657
0.244561
0.256759
0.450303
0.465107
0.081852
0.282371
0.257234
0.505182
0.455272
0.297886
0.254949
0.427349
0.469336
0.491119
0.423101
0.431675
0.408505
0.459216
0.456266
0.384307
0.336305
0.320875
0.313723
0.461832
0.460832
0.478807
0.258411
0.410587
0.343534
0.444524
0.374295
0.443171
0.372775
0.394402
0.441638
0.475416
0.420371
0.349634
0.472493
0.413696
0.278079
0.263979
0.413839
0.388607
0.407876
0.314135
0.252128
0.373922
0.427715
0.319009
0.474181
0.420334
0.311256
0.994799
0.507765
0.290291
0.496131
0.471006
0.320676
0.377849
0.436579
0.455440
0.481549
0.428943
0.494818
0.348665
0.431216
0.424961
0.415856
0.621413
0.648817
0.390825
0.481149
0.445631
0.446267
0.329227
0.387072
0.530493
0.434578
0.228447
0.279513
0.451918
0.390449
0.451964
0.481699
0.455213
0.214935
0.212850
0.381748
0.425415
0.435245
0.437401
0.448133
0.418136
0.381268
0.435800
0.444838
0.421253
0.328594
0.451642
0.395765
0.308639
0.444017
0.404552
0.261462
0.645380
0.559510
0.363253
0.404005
0.455648
0.657328
0.421597
0.412840
0.425681
0.393247
0.375356
0.408307
0.409177
0.458262
0.479109
0.457354
0.621444
0.508379
0.503083
0.449702
0.576577
0.449257
0.528789
0.463019
0.498391
0.315871
0.185390
0.535557
0.460677
0.446966
0.429632
0.760195
0.392312
0.477722
0.404727
0.346730
0.213386
0.249180
0.431974
0.397222
0.351561
0.369699
0.375085
0.500740
0.402175
0.459333
0.507765
0.994799
0.526053
0.834333
0.644899
0.400416
0.456543
0.472447
0.551122
0.497316
0.489624
0.796094
0.426146
0.414571
0.488485
0.508155
0.449021
0.548791
0.524792
0.805907
0.459013
0.394705
0.422917
0.508086
0.526789
0.503926
0.244117
0.245944
0.482780
0.400319
0.522792
0.423619
0.516132
0.461124
0.499367
0.301146
0.459356
0.406876
0.483630
0.532677
0.253239
0.496614
0.435985
0.568620
0.443291
0.460478
0.496172
0.542698
0.449616
0.337177
0.485112
0.353796
0.542442
0.534590
0.417704
0.448612
0.095131
0.575700
0.539794
0.120641
0.412825
0.192006
0.486720
0.444553
0.437059
0.490220
0.536077
0.548620
0.354293
0.514920
0.495881
0.580008
0.480985
0.341733
0.560740
0.232458
0.439034
0.486468
0.156248
0.620077
0.317757
0.231771
0.391768
0.545272
0.358419
0.562899
0.452907
0.221817
0.483717
0.163424
0.329265
0.586762
0.515523
0.251541
0.353191
0.539440
0.609683
0.386672
0.290291
0.526053
0.994799
0.536225
0.642807
0.440735
0.245121
0.387663
0.590215
0.502982
0.208375
0.456957
0.469032
0.118165
0.438821
0.527816
0.286117
0.376133
0.297323
0.603673
0.307666
0.201799
0.435081
0.365931
0.490749
0.527320
0.443331
0.426833
0.225918
0.548062
0.325358
0.404786
0.525914
0.215341
0.424265
0.437081
0.355082
0.468503
0.516364
0.534359
0.272949
0.583091
0.465248
0.495870
0.353230
0.404386
0.239336
0.470048
0.329619
0.088166
0.221851
0.493377
0.538295
0.622687
0.494851
0.467250
0.371748
0.829524
0.558118
0.478983
0.563814
0.450504
0.524390
0.600168
0.450068
0.524575
0.547418
0.504271
0.803194
0.577701
0.546916
0.519684
0.842672
0.479884
0.542681
0.495361
0.560997
0.465961
0.289171
0.555527
0.527870
0.454049
0.495629
0.883464
0.554732
0.532788
0.514817
0.479115
0.361881
0.416118
0.506021
0.437723
0.557624
0.464889
0.506649
0.528683
0.599857
0.495462
0.496131
0.834333
0.536225
0.994799
0.844981
0.465566
0.531018
0.498382
0.551467
0.556861
0.515730
0.831208
0.470775
0.471341
0.541727
0.561307
0.464883
0.750549
0.435033
0.823574
0.532811
0.415994
0.329445
0.477065
0.547193
0.550509
0.410876
0.514799
0.499778
0.488102
0.506090
0.543211
0.655968
0.456360
0.664244
0.362666
0.564496
0.486534
0.537984
0.543015
0.369754
0.583732
0.527313
0.562819
0.521666
0.500938
0.529472
0.619892
0.468706
0.489630
0.520954
0.429535
0.556226
0.593993
0.534723
0.502325
0.234646
0.789124
0.615066
0.418541
0.779969
0.466958
0.581372
0.646520
0.466713
0.539751
0.569920
0.558910
0.667919
0.609984
0.583726
0.644133
0.667084
0.518243
0.762066
0.516383
0.576152
0.590174
0.337131
0.620606
0.684111
0.535454
0.513070
0.686131
0.623200
0.557547
0.581897
0.493115
0.552853
0.375139
0.525569
0.479431
0.613665
0.406826
0.562543
0.622205
0.657224
0.517766
0.471006
0.644899
0.642807
0.844981
0.994799
0.548118
0.544094
0.515106
0.583672
0.753328
0.510890
0.670473
0.544214
0.378166
0.526148
0.602810
0.490460
0.735619
0.389652
0.846372
0.518472
0.406066
0.446496
0.476675
0.579823
0.563555
0.445742
0.530929
0.350835
0.556896
0.506814
0.527798
0.733068
0.449169
0.536876
0.378404
0.731199
0.579210
0.740285
0.583032
0.518323
0.610999
0.538748
0.654784
0.543131
0.447213
0.511643
0.637850
0.482922
0.458674
0.437245
0.529444
0.592827
0.330485
0.456336
0.791520
0.354679
0.489188
0.500987
0.151268
0.394407
0.346478
0.519591
0.392663
0.467372
0.500901
0.447335
0.442043
0.492822
0.449096
0.780228
0.520748
0.476609
0.321563
0.517937
0.282241
0.518387
0.735016
0.342821
0.753237
0.413874
0.421409
0.462522
0.467498
0.533265
0.496171
0.364777
0.174181
0.580944
0.218057
0.319118
0.436298
0.430950
0.377010
0.442875
0.391742
0.541791
0.390937
0.320676
0.400416
0.440735
0.465566
0.548118
0.994799
0.509217
0.484148
0.385426
0.534650
0.309664
0.446488
0.407011
0.195716
0.512352
0.821974
0.159402
0.384940
0.439438
0.494098
0.488141
0.239707
0.242971
0.187915
0.390004
0.530909
0.335986
0.283971
0.372223
0.416531
0.139190
0.339241
0.333969
0.210726
0.292124
0.324613
0.398054
0.340756
0.369494
0.386316
0.406648
0.320868
0.409001
0.523465
0.202774
0.266076
0.172935
0.545834
0.433003
0.202631
0.267434
0.264938
0.492674
0.423790
0.438501
0.470502
0.453039
0.550935
0.501412
0.426201
0.470280
0.438227
0.492034
0.361384
0.435285
0.484294
0.419559
0.342370
0.544441
0.546630
0.478683
0.461463
0.528928
0.426971
0.415296
0.395351
0.493904
0.398578
0.495396
0.419874
0.454309
0.528389
0.390434
0.457246
0.483135
0.403537
0.389490
0.393929
0.423784
0.339751
0.289504
0.318348
0.327294
0.426754
0.549043
0.478898
0.229419
0.418599
0.377849
0.456543
0.245121
0.531018
0.544094
0.509217
0.994799
0.700106
0.217899
0.697059
0.448668
0.498668
0.395375
0.449999
0.489432
0.497952
0.244581
0.460711
0.441084
0.530382
0.410215
0.431263
0.277171
0.288168
0.460926
0.473004
0.298418
0.296740
0.423778
0.414897
0.217370
0.452848
0.390086
0.174830
0.201009
0.318152
0.449069
0.431943
0.359866
0.319899
0.516267
0.281095
0.349988
0.497097
0.300784
0.316944
0.328358
0.426081
0.504240
0.375376
0.435827
0.208956
0.473571
0.464941
0.484997
0.465498
0.470308
0.514055
0.473512
0.358449
0.466462
0.442616
0.709729
0.500142
0.460911
0.494022
0.404254
0.419881
0.505315
0.497476
0.522058
0.452440
0.480911
0.374547
0.448455
0.360060
0.485828
0.477374
0.774953
0.483062
0.428417
0.671169
0.501103
0.499345
0.464451
0.434335
0.373219
0.355798
0.474600
0.428553
0.389446
0.409677
0.438478
0.435854
0.489597
0.498915
0.462300
0.400503
0.436579
0.472447
0.387663
0.498382
0.515106
0.484148
0.700106
0.994799
0.369559
0.663106
0.460949
0.474057
0.437777
0.428736
0.471519
0.486200
0.402008
0.456266
0.504217
0.529988
0.487049
0.460347
0.442371
0.323001
0.466546
0.533514
0.450757
0.299401
0.501847
0.454977
0.252040
0.471924
0.464850
0.116492
0.230220
0.477362
0.446955
0.515080
0.445407
0.475602
0.555798
0.477733
0.481885
0.690048
0.314562
0.306222
0.394155
0.416261
0.455441
0.440370
0.497380
0.201050
0.503717
0.509855
0.250869
0.452897
0.295832
0.439253
0.576312
0.270245
0.431754
0.380051
0.466340
0.283044
0.450036
0.352365
0.692282
0.401575
0.388270
0.381321
0.520802
0.487394
0.417713
0.292679
0.491198
0.508023
0.421720
0.400368
0.100923
0.542247
0.474073
0.292496
0.398911
0.508631
0.336985
0.484862
0.406408
0.158663
0.316208
0.176454
0.492535
0.349667
0.508719
0.424100
0.258251
0.422727
0.500111
0.469847
0.455440
0.551122
0.590215
0.551467
0.583672
0.385426
0.217899
0.369559
0.994799
0.415450
0.450395
0.412479
0.240548
0.251211
0.491636
0.514159
0.428696
0.476056
0.278148
0.505428
0.405664
0.185793
0.335038
0.425348
0.532941
0.497041
0.130377
0.440093
0.374982
0.414658
0.425215
0.369505
0.500027
0.227917
0.435210
0.212345
0.421557
0.413796
0.525666
0.537872
0.231777
0.361467
0.450019
0.537960
0.458134
0.448490
0.450160
0.503794
0.467380
0.195332
0.456367
0.402997
0.516400
0.474447
0.512139
0.484305
0.481491
0.605224
0.599512
0.464729
0.533302
0.460948
0.773939
0.535754
0.476728
0.531702
0.477742
0.517597
0.533787
0.564241
0.726069
0.518301
0.587145
0.451833
0.545753
0.441650
0.570993
0.528887
0.500174
0.580117
0.448281
0.516319
0.449448
0.532598
0.567961
0.490151
0.458868
0.434658
0.591073
0.413369
0.385188
0.421040
0.526372
0.465364
0.602158
0.730237
0.554433
0.492083
0.481549
0.497316
0.502982
0.556861
0.753328
0.534650
0.697059
0.663106
0.415450
0.994799
0.525096
0.579601
0.487264
0.520744
0.552990
0.594769
0.443756
0.541226
0.481574
0.596806
0.489831
0.460866
0.496004
0.354086
0.630135
0.537710
0.440811
0.359438
0.504753
0.530040
0.392527
0.647825
0.534807
0.255909
0.280692
0.405555
0.519539
0.575913
0.492061
0.464294
0.601407
0.430451
0.485211
0.572942
0.464529
0.328125
0.492198
0.479383
0.549287
0.410324
0.491464
0.334744
0.749760
0.432294
0.347175
0.408154
0.490283
0.500451
0.467020
0.588622
0.408290
0.485834
0.533235
0.287547
0.345719
0.455680
0.544288
0.344295
0.550011
0.491241
0.489122
0.194292
0.541540
0.499086
0.475621
0.446098
0.481345
0.269420
0.250958
0.456102
0.424043
0.413122
0.376004
0.517312
0.470883
0.278457
0.495854
0.374095
0.351741
0.367698
0.463537
0.264058
0.458630
0.450961
0.308420
0.440483
0.289448
0.487916
0.428943
0.489624
0.208375
0.515730
0.510890
0.309664
0.448668
0.460949
0.450395
0.525096
0.994799
0.597164
0.259512
0.529028
0.495845
0.494635
0.424791
0.531450
0.354395
0.561408
0.486018
0.277579
0.237641
0.436460
0.489027
0.525278
0.143640
0.316709
0.506074
0.493781
0.349610
0.443447
0.440199
0.316076
0.430392
0.178908
0.465589
0.497960
0.401618
0.383872
0.383750
0.263732
0.382957
0.381249
0.473280
0.434479
0.477313
0.463882
0.490615
0.382621
0.523001
0.272488
0.532375
0.569608
0.449985
0.376863
0.454532
0.751160
0.514716
0.500157
0.424932
0.427630
0.468507
0.456799
0.443756
0.598794
0.522730
0.534981
0.742847
0.579070
0.530132
0.382023
0.867169
0.550304
0.514593
0.398686
0.550630
0.364192
0.291802
0.493030
0.388936
0.412715
0.486272
0.851140
0.572658
0.415777
0.545226
0.501144
0.324110
0.318791
0.517662
0.381095
0.469744
0.453900
0.467828
0.408553
0.543358
0.431893
0.494818
0.796094
0.456957
0.831208
0.670473
0.446488
0.498668
0.474057
0.412479
0.579601
0.597164
0.994799
0.336554
0.515093
0.452346
0.556512
0.373368
0.770083
0.519025
0.924049
0.592583
0.448266
0.278716
0.509113
0.545103
0.512013
0.325642
0.439427
0.558713
0.437489
0.451978
0.533689
0.512497
0.425156
0.458779
0.362125
0.500259
0.453369
0.459290
0.511308
0.402171
0.516415
0.508692
0.441399
0.401578
0.440802
0.520733
0.511698
0.481475
0.478648
0.515823
0.242603
0.557523
0.336884
0.408283
0.411147
0.125877
0.416980
0.284221
0.184072
0.454944
0.187300
0.463072
0.435415
0.322400
0.370090
0.199078
0.515838
0.409381
0.529117
0.461919
0.362727
0.374243
0.301540
0.389935
0.210714
0.405697
0.442830
0.232670
0.371050
0.350962
0.241466
0.156528
0.358432
0.524135
0.390881
0.284974
0.400018
0.433715
0.309325
0.173656
0.494290
0.388825
0.245047
0.412082
0.762380
0.506464
0.432685
0.348665
0.426146
0.469032
0.470775
0.544214
0.407011
0.395375
0.437777
0.240548
0.487264
0.259512
0.336554
0.994799
0.178083
0.348094
0.447935
0.226731
0.372980
0.353652
0.478425
0.137462
0.318884
0.542960
0.216419
0.371961
0.444685
0.477065
0.249423
0.178288
0.507701
0.362212
0.382787
0.340074
0.335616
0.282677
0.430036
0.396120
0.243488
0.220816
0.353092
0.284755
0.476337
0.425236
0.361711
0.288630
0.460769
0.312149
0.491767
0.425708
0.122284
0.248294
0.425370
0.454077
0.328799
0.354467
0.178803
0.551299
0.481448
0.411019
0.502267
0.269513
0.470115
0.504223
0.313132
0.313835
0.305143
0.179458
0.113302
0.474497
0.481169
0.397696
0.160191
0.487819
0.498894
0.245182
0.445178
0.445462
0.199105
0.427854
0.183233
0.380747
0.471145
0.237745
0.468321
0.414935
0.186070
0.322753
0.463548
0.306904
0.425524
0.331496
0.234879
0.237780
0.422239
0.503064
0.361906
0.185111
0.177508
0.431216
0.414571
0.118165
0.471341
0.378166
0.195716
0.449999
0.428736
0.251211
0.520744
0.529028
0.515093
0.178083
0.994799
0.511399
0.350119
0.290851
0.528716
0.392615
0.517557
0.557900
0.475622
0.167171
0.307722
0.526823
0.511907
0.115309
0.265282
0.450861
0.191026
0.306721
0.473080
0.420484
0.137999
0.160160
0.247496
0.453151
0.469900
0.221516
0.317801
0.511252
0.214945
0.305897
0.301226
0.488307
0.373344
0.490097
0.185939
0.496422
0.461308
0.599990
0.102818
0.451075
0.468376
0.441891
0.491030
0.532412
0.538405
0.552599
0.425081
0.408837
0.494933
0.536137
0.354771
0.479076
0.354916
0.399300
0.400093
0.449907
0.465887
0.682786
0.344704
0.523003
0.419465
0.443848
0.449292
0.485754
0.456894
0.273383
0.502227
0.467753
0.472243
0.470524
0.475907
0.458217
0.319243
0.390337
0.181302
0.481883
0.415557
0.516722
0.378694
0.595986
0.711215
0.527052
0.445475
0.309571
0.385530
0.424961
0.488485
0.438821
0.541727
0.526148
0.512352
0.489432
0.471519
0.491636
0.552990
0.495845
0.452346
0.348094
0.511399
0.994799
0.542806
0.271118
0.530736
0.509784
0.539169
0.543627
0.345422
0.339675
0.404801
0.562843
0.690128
0.272465
0.361067
0.568624
0.430556
0.242945
0.347588
0.429667
0.224519
0.209085
0.396323
0.492738
0.440539
0.452536
0.369677
0.479645
0.349744
0.442646
0.527180
0.384548
0.511907
0.406288
0.445501
0.566190
0.218538
0.513197
0.342722
0.530866
0.501191
0.464128
0.805769
0.362253
0.516516
0.582027
0.354265
0.469451
0.452847
0.601266
0.378268
0.666405
0.550272
0.504713
0.496636
0.497084
0.488744
0.849048
0.540628
0.602621
0.462322
0.540563
0.388089
0.527101
0.514126
0.266612
0.585579
0.448324
0.406122
0.464307
0.595969
0.568078
0.477906
0.466264
0.254642
0.574945
0.327331
0.414846
0.545166
0.601074
0.456396
0.527747
0.561472
0.571493
0.475911
0.415856
0.508155
0.527816
0.561307
0.602810
0.821974
0.497952
0.486200
0.514159
0.594769
0.494635
0.556512
0.447935
0.350119
0.542806
0.994799
0.262027
0.508716
0.498489
0.547471
0.454295
0.287823
0.419592
0.334833
0.544019
0.608387
0.351283
0.480524
0.546475
0.488327
0.230828
0.478378
0.473575
0.336884
0.384168
0.348464
0.510120
0.543986
0.492794
0.520327
0.499683
0.380083
0.449385
0.532441
0.452814
0.439028
0.469828
0.533733
0.533674
0.229064
0.337025
0.455254
0.713140
0.396163
0.197919
0.122460
0.242889
0.334859
0.400134
0.282571
0.499930
0.365110
0.427697
0.368228
0.230875
0.195468
0.359784
0.268425
0.349030
0.344974
0.393032
0.338680
0.305393
0.194575
0.404461
0.300650
0.448628
0.316628
0.227099
0.363239
0.420780
0.389386
0.167370
0.394555
0.234189
0.302489
0.274744
0.199513
0.364845
0.252987
0.253195
0.270608
0.378973
0.240348
0.141163
0.461804
0.335587
0.385740
0.621413
0.449021
0.286117
0.464883
0.490460
0.159402
0.244581
0.402008
0.428696
0.443756
0.424791
0.373368
0.226731
0.290851
0.271118
0.262027
0.994799
0.447897
0.367189
0.453964
0.303551
0.343935
0.373512
0.235861
0.472898
0.277985
0.138623
0.248046
0.197657
0.397428
0.282068
0.368129
0.486283
0.082559
0.169881
0.259305
0.437642
0.462799
0.493775
0.503727
0.293401
0.416154
0.218746
0.430233
0.305845
0.288605
0.349146
0.319041
0.247072
0.229585
0.245411
0.281753
0.450510
0.509588
0.439265
0.359115
0.440434
0.613522
0.562509
0.497586
0.514344
0.456683
0.536571
0.502051
0.468934
0.504064
0.430491
0.372295
0.720590
0.546519
0.502476
0.344531
0.804516
0.618024
0.474332
0.458648
0.462539
0.351650
0.410996
0.384187
0.467421
0.448570
0.458485
0.792702
0.499900
0.394317
0.477381
0.479576
0.322568
0.426266
0.499536
0.287379
0.478851
0.482880
0.455624
0.437518
0.418850
0.337848
0.648817
0.548791
0.376133
0.750549
0.735619
0.384940
0.460711
0.456266
0.476056
0.541226
0.531450
0.770083
0.372980
0.528716
0.530736
0.508716
0.447897
0.994799
0.372355
0.733250
0.571891
0.477095
0.258981
0.511808
0.545909
0.496963
0.263318
0.492566
0.520387
0.404567
0.508916
0.502943
0.523406
0.421373
0.378106
0.353727
0.511450
0.468382
0.541810
0.506424
0.514133
0.532809
0.644464
0.509884
0.478322
0.426204
0.499722
0.480823
0.448827
0.468120
0.535808
0.358710
0.540413
0.400159
0.308444
0.280075
0.469425
0.534586
0.401409
0.219271
0.220917
0.432434
0.555607
0.314945
0.409197
0.314596
0.276347
0.365484
0.343677
0.333931
0.488861
0.325325
0.464882
0.362434
0.394582
0.344646
0.555259
0.337881
0.326758
0.459533
0.403105
0.503864
0.292949
0.609816
0.303268
0.237204
0.183983
0.273093
0.380905
0.315006
0.212510
0.294460
0.298483
0.238878
0.485499
0.408350
0.321385
0.235494
0.390825
0.524792
0.297323
0.435033
0.389652
0.439438
0.441084
0.504217
0.278148
0.481574
0.354395
0.519025
0.353652
0.392615
0.509784
0.498489
0.367189
0.372355
0.994799
0.536629
0.510084
0.512076
0.409311
0.446724
0.474480
0.451483
0.402003
0.199391
0.486352
0.187197
0.229529
0.350378
0.448552
0.223654
0.229500
0.473230
0.272428
0.447545
0.346167
0.478879
0.400786
0.424684
0.279962
0.498111
0.205860
0.343036
0.384592
0.446734
0.450948
0.249284
0.486474
0.155385
0.534173
0.629453
0.529985
0.482308
0.452043
0.914140
0.610716
0.538402
0.588289
0.490363
0.572651
0.601697
0.477999
0.576317
0.533546
0.541780
0.910783
0.648322
0.559707
0.545824
0.856677
0.558700
0.564163
0.476427
0.583512
0.484806
0.373671
0.563589
0.511099
0.544421
0.544788
0.842645
0.614722
0.518892
0.576116
0.515778
0.459617
0.420372
0.542756
0.453766
0.565152
0.470556
0.587384
0.603533
0.596772
0.492893
0.481149
0.805907
0.603673
0.823574
0.846372
0.494098
0.530382
0.529988
0.505428
0.596806
0.561408
0.924049
0.478425
0.517557
0.539169
0.547471
0.453964
0.733250
0.536629
0.994799
0.629235
0.490174
0.373802
0.527102
0.558111
0.544806
0.491663
0.525758
0.553707
0.523960
0.515014
0.536951
0.519726
0.458937
0.506103
0.497075
0.552490
0.509505
0.503442
0.512714
0.502953
0.641027
0.531861
0.628482
0.460633
0.473316
0.554163
0.578617
0.573495
0.493807
0.527220
0.450896
0.603412
0.362489
0.411861
0.251421
0.509737
0.601919
0.580337
0.488734
0.312469
0.542439
0.582118
0.469991
0.458128
0.356252
0.374213
0.195131
0.647250
0.386683
0.484202
0.316315
0.533936
0.554832
0.349172
0.466387
0.495597
0.399083
0.453422
0.467152
0.480723
0.537294
0.519812
0.607304
0.617633
0.243773
0.493177
0.497743
0.483349
0.433583
0.462046
0.236831
0.401025
0.484521
0.493896
0.270461
0.450675
0.166772
0.445631
0.459013
0.307666
0.532811
0.518472
0.488141
0.410215
0.487049
0.405664
0.489831
0.486018
0.592583
0.137462
0.557900
0.543627
0.454295
0.303551
0.571891
0.510084
0.629235
0.994799
0.513360
0.153171
0.387708
0.561759
0.503762
0.204814
0.467462
0.521574
0.252969
0.268334
0.491061
0.438285
0.188145
0.238361
0.423484
0.399068
0.494202
0.374147
0.382236
0.595445
0.389950
0.530051
0.537621
0.359579
0.349373
0.540723
0.311200
0.501577
0.448042
0.640081
0.126445
0.529113
0.329279
0.321108
0.158180
0.462349
0.495811
0.393886
0.414906
0.257476
0.459342
0.478051
0.476533
0.315076
0.213909
0.184100
0.130424
0.466762
0.334067
0.356136
0.172082
0.336496
0.313721
0.254620
0.311918
0.454730
0.240038
0.457214
0.229092
0.401513
0.595868
0.317001
0.452258
0.385747
0.163283
0.103291
0.654330
0.251423
0.405868
0.120046
0.132797
0.285043
0.252560
0.514749
0.384420
0.202670
0.138548
0.446267
0.394705
0.201799
0.415994
0.406066
0.239707
0.431263
0.460347
0.185793
0.460866
0.277579
0.448266
0.318884
0.475622
0.345422
0.287823
0.343935
0.477095
0.512076
0.490174
0.513360
0.994799
0.157578
0.254076
0.508604
0.431236
0.280781
0.117849
0.420031
0.171840
0.145308
0.525568
0.479773
0.142016
0.151696
0.402355
0.211406
0.480578
0.175594
0.283634
0.479092
0.411697
0.458231
0.417512
0.236294
0.116722
0.497684
0.261636
0.244294
0.521478
0.505769
0.108815
0.427835
0.372621
0.275743
0.242758
0.151443
0.271867
0.317427
0.089757
0.334171
0.157206
0.416930
0.201326
0.236609
0.382988
0.201536
0.433679
0.150756
0.478053
0.455566
0.444576
0.230713
0.246559
0.396693
0.208652
0.233774
0.404966
0.232018
0.406912
0.260452
0.223892
0.118061
0.376763
0.266179
0.415156
0.293260
0.159647
0.439574
0.162021
0.227180
0.448032
0.280172
0.184627
0.209195
0.775984
0.445927
0.327516
0.329227
0.422917
0.435081
0.329445
0.446496
0.242971
0.277171
0.442371
0.335038
0.496004
0.237641
0.278716
0.542960
0.167171
0.339675
0.419592
0.373512
0.258981
0.409311
0.373802
0.153171
0.157578
0.994799
0.246382
0.460320
0.340109
0.351698
0.225290
0.168639
0.410579
0.279130
0.287438
0.346431
0.105790
0.148530
0.363292
0.324633
0.325574
0.339597
0.394965
0.309238
0.397167
0.230751
0.361838
0.153620
0.473918
0.190064
0.330199
0.314157
0.042650
0.193236
0.362578
0.479614
0.348582
0.181551
0.184007
0.288931
0.594740
0.398410
0.265682
0.176047
0.399765
0.333743
0.171049
0.348093
0.194921
0.424890
0.194607
0.479246
0.282792
0.392711
0.119880
0.387750
0.374639
0.454307
0.470448
0.293862
0.147301
0.093624
0.419654
0.276252
0.203237
0.411377
0.557769
0.240873
0.214652
0.159157
0.347591
0.069159
0.257149
0.414339
0.219854
0.251353
0.333000
0.142910
0.283490
0.272657
0.189001
0.387072
0.508086
0.365931
0.477065
0.476675
0.187915
0.288168
0.323001
0.425348
0.354086
0.436460
0.509113
0.216419
0.307722
0.404801
0.334833
0.235861
0.511808
0.446724
0.527102
0.387708
0.254076
0.246382
0.994799
0.358723
0.495883
0.158845
0.140877
0.291095
0.210753
0.727671
0.298329
0.354496
0.521326
0.410507
0.319138
0.319515
0.231131
0.306714
0.350166
0.137012
0.323926
0.432965
0.341525
0.418061
0.272136
0.459015
0.446870
0.265588
0.304951
0.496338
0.204509
0.464467
0.570007
0.466502
0.374575
0.456369
0.465428
0.611828
0.438607
0.542285
0.527041
0.598338
0.469533
0.524320
0.413402
0.385313
0.476491
0.449887
0.576847
0.507008
0.382162
0.460219
0.461308
0.510437
0.445869
0.520360
0.358576
0.366216
0.516402
0.473640
0.498782
0.414770
0.535321
0.444168
0.348199
0.454515
0.335036
0.433325
0.408669
0.372339
0.383544
0.506833
0.469784
0.527887
0.572896
0.523984
0.403605
0.530493
0.526789
0.490749
0.547193
0.579823
0.390004
0.460926
0.466546
0.532941
0.630135
0.489027
0.545103
0.371961
0.526823
0.562843
0.544019
0.472898
0.545909
0.474480
0.558111
0.561759
0.508604
0.460320
0.358723
0.994799
0.519442
0.289530
0.425037
0.555769
0.534320
0.297332
0.591840
0.540598
0.214797
0.228704
0.314888
0.544676
0.703213
0.506573
0.521677
0.539950
0.513166
0.437594
0.696316
0.482376
0.445717
0.544882
0.381798
0.547150
0.298573
0.409341
0.400660
0.811860
0.473609
0.392454
0.524405
0.463147
0.558229
0.473426
0.419366
0.343140
0.452622
0.571789
0.475391
0.499234
0.459381
0.415038
0.454531
0.532299
0.494167
0.571447
0.301054
0.523987
0.443361
0.504386
0.536577
0.427381
0.402063
0.397264
0.524864
0.427460
0.409966
0.483510
0.565708
0.486718
0.367172
0.260419
0.404010
0.385907
0.417665
0.353360
0.418244
0.512001
0.472899
0.498495
0.510687
0.573719
0.340851
0.434578
0.503926
0.527320
0.550509
0.563555
0.530909
0.473004
0.533514
0.497041
0.537710
0.525278
0.512013
0.444685
0.511907
0.690128
0.608387
0.277985
0.496963
0.451483
0.544806
0.503762
0.431236
0.340109
0.495883
0.519442
0.994799
0.353846
0.267319
0.542197
0.478655
0.403383
0.431385
0.513192
0.378942
0.392285
0.424265
0.437797
0.535332
0.483688
0.511904
0.461922
0.379076
0.525069
0.461971
0.545937
0.428188
0.536530
0.529580
0.473331
0.425576
0.507155
0.374350
0.696679
0.498962
0.441523
0.348192
0.141715
0.440005
0.361243
0.157260
0.409639
0.187407
0.472502
0.502651
0.374205
0.342537
0.202517
0.486611
0.242463
0.487001
0.294306
0.366410
0.310014
0.249865
0.355793
0.108376
0.430383
0.457945
0.298010
0.435482
0.331856
0.329621
0.271884
0.262028
0.330901
0.344866
0.258070
0.216213
0.470008
0.320963
0.246625
0.462659
0.379017
0.132468
0.511341
0.450705
0.515155
0.266795
0.228447
0.244117
0.443331
0.410876
0.445742
0.335986
0.298418
0.450757
0.130377
0.440811
0.143640
0.325642
0.477065
0.115309
0.272465
0.351283
0.138623
0.263318
0.402003
0.491663
0.204814
0.280781
0.351698
0.158845
0.289530
0.353846
0.994799
0.291209
0.160182
0.401511
0.177848
0.420699
0.380928
0.122962
0.257863
0.762399
0.395246
0.305681
0.263607
0.353578
0.390499
0.679100
0.430401
0.405506
0.112425
0.263461
0.151659
0.373377
0.310080
0.129648
0.196397
0.400721
0.393389
0.491265
0.347639
0.255168
0.118072
0.246817
0.608936
0.240567
0.478206
0.299764
0.428964
0.391848
0.417021
0.445561
0.427848
0.452883
0.332455
0.465233
0.498140
0.499153
0.477787
0.460190
0.198648
0.176331
0.385186
0.397456
0.197028
0.282549
0.417172
0.187071
0.365271
0.444814
0.288345
0.375274
0.755700
0.145529
0.449933
0.205074
0.538190
0.349652
0.337055
0.221224
0.402251
0.313080
0.529435
0.314739
0.279513
0.245944
0.426833
0.514799
0.530929
0.283971
0.296740
0.299401
0.440093
0.359438
0.316709
0.439427
0.249423
0.265282
0.361067
0.480524
0.248046
0.492566
0.199391
0.525758
0.467462
0.117849
0.225290
0.140877
0.425037
0.267319
0.291209
0.994799
0.268583
0.323040
0.188356
0.428922
0.420615
0.083379
0.192115
0.317249
0.537885
0.273793
0.479752
0.381274
0.487347
0.534899
0.333708
0.370372
0.146848
0.442993
0.171157
0.322973
0.504563
0.154136
0.212380
0.401383
0.353228
0.470294
0.264112
0.366937
0.483534
0.460841
0.536846
0.469889
0.197170
0.411696
0.521747
0.268992
0.388160
0.439302
0.250946
0.433577
0.491144
0.505303
0.494898
0.195262
0.602182
0.301729
0.394261
0.343750
0.467066
0.194113
0.285262
0.382935
0.260557
0.431659
0.374801
0.507447
0.334551
0.151147
0.314541
0.228107
0.266567
0.316000
0.357488
0.275741
0.406071
0.528210
0.449633
0.296374
0.298345
0.277897
0.451918
0.482780
0.225918
0.499778
0.350835
0.372223
0.423778
0.501847
0.374982
0.504753
0.506074
0.558713
0.178288
0.450861
0.568624
0.546475
0.197657
0.520387
0.486352
0.553707
0.521574
0.420031
0.168639
0.291095
0.555769
0.542197
0.160182
0.268583
0.994799
0.454051
0.114855
0.422620
0.425242
0.108227
0.118853
0.220850
0.341141
0.503292
0.293996
0.310888
0.480749
0.247618
0.368964
0.465673
0.351646
0.348505
0.485075
0.319612
0.476039
0.370980
0.452737
0.083025
0.506065
0.489670
0.407999
0.452194
0.308750
0.347547
0.468930
0.402323
0.535527
0.247475
0.436660
0.502757
0.397769
0.576415
0.474497
0.711880
0.448089
0.553426
0.444249
0.268079
0.526562
0.236792
0.398122
0.162201
0.526004
0.345756
0.229559
0.544329
0.272293
0.334561
0.293910
0.355878
0.424204
0.357456
0.355732
0.185801
0.472448
0.277347
0.281754
0.538688
0.400442
0.412264
0.378355
0.574685
0.561609
0.713352
0.390449
0.400319
0.548062
0.488102
0.556896
0.416531
0.414897
0.454977
0.414658
0.530040
0.493781
0.437489
0.507701
0.191026
0.430556
0.488327
0.397428
0.404567
0.187197
0.523960
0.252969
0.171840
0.410579
0.210753
0.534320
0.478655
0.401511
0.323040
0.454051
0.994799
0.130644
0.452764
0.485728
0.144611
0.190974
0.311260
0.488227
0.570563
0.490590
0.504896
0.497869
0.480178
0.354649
0.459284
0.418191
0.255705
0.399923
0.367917
0.369962
0.155647
0.192350
0.344835
0.680236
0.326997
0.257717
0.173482
0.133961
0.544905
0.360280
0.221094
0.260793
0.287221
0.283204
0.279342
0.269228
0.144792
0.360388
0.167201
0.442963
0.317410
0.319222
0.220527
0.365730
0.384364
0.474839
0.495504
0.252832
0.148613
0.101522
0.290003
0.322580
0.166055
0.385750
0.513772
0.241145
0.291182
0.246872
0.333585
0.073277
0.233265
0.436257
0.181922
0.238919
0.242129
0.161200
0.314432
0.313129
0.128600
0.451964
0.522792
0.325358
0.506090
0.506814
0.139190
0.217370
0.252040
0.425215
0.392527
0.349610
0.451978
0.362212
0.306721
0.242945
0.230828
0.282068
0.508916
0.229529
0.515014
0.268334
0.145308
0.279130
0.727671
0.297332
0.403383
0.177848
0.188356
0.114855
0.130644
0.994799
0.261961
0.380904
0.558505
0.446720
0.270070
0.322301
0.158211
0.335748
0.365855
0.153951
0.350336
0.466973
0.261404
0.436733
0.330448
0.434740
0.477394
0.211516
0.368223
0.442913
0.247833
0.338793
0.570063
0.425650
0.257896
0.320849
0.522945
0.524682
0.470607
0.487059
0.440008
0.546725
0.514708
0.412362
0.475613
0.341283
0.434774
0.503236
0.549841
0.456475
0.304375
0.547191
0.445306
0.408188
0.397176
0.543476
0.354332
0.439775
0.472363
0.464441
0.488212
0.404809
0.513575
0.468097
0.320705
0.376016
0.515664
0.419682
0.420243
0.319074
0.220337
0.409488
0.283011
0.506583
0.544224
0.547232
0.402659
0.481699
0.423619
0.404786
0.543211
0.527798
0.339241
0.452848
0.471924
0.369505
0.647825
0.443447
0.533689
0.382787
0.473080
0.347588
0.478378
0.368129
0.502943
0.350378
0.536951
0.491061
0.525568
0.287438
0.298329
0.591840
0.431385
0.420699
0.428922
0.422620
0.452764
0.261961
0.994799
0.437247
0.199819
0.279969
0.377137
0.509472
0.510532
0.369859
0.332756
0.539329
0.486883
0.422116
0.520930
0.412755
0.216490
0.497720
0.351985
0.380917
0.465647
0.479574
0.328358
0.473899
0.515381
0.429359
0.373435
0.392363
0.469773
0.476714
0.381890
0.535837
0.428526
0.461629
0.526721
0.459856
0.470910
0.492432
0.467373
0.476075
0.467887
0.432877
0.455777
0.492557
0.433530
0.472201
0.403675
0.440083
0.331386
0.410979
0.480186
0.413879
0.464577
0.420397
0.570145
0.351135
0.472682
0.359676
0.315983
0.370250
0.377256
0.439705
0.484557
0.486129
0.421640
0.437582
0.451045
0.514641
0.422679
0.455213
0.516132
0.525914
0.655968
0.733068
0.333969
0.390086
0.464850
0.500027
0.534807
0.440199
0.512497
0.340074
0.420484
0.429667
0.473575
0.486283
0.523406
0.448552
0.519726
0.438285
0.479773
0.346431
0.354496
0.540598
0.513192
0.380928
0.420615
0.425242
0.485728
0.380904
0.437247
0.994799
0.288543
0.370659
0.389668
0.526620
0.686653
0.778568
0.798656
0.447588
0.479217
0.462043
0.483094
0.495289
0.421723
0.481051
0.430554
0.353907
0.395703
0.380572
0.358119
0.662465
0.208284
0.195553
0.206135
0.108889
0.458132
0.127408
0.201318
0.131539
0.239242
0.120129
0.147496
0.252711
0.114852
0.252222
0.267596
0.444928
0.138268
0.281950
0.039980
0.336310
0.380850
0.433577
0.371998
0.200614
0.084617
0.015516
0.204837
0.181965
0.086461
0.408801
0.450441
0.322653
0.205335
0.150602
0.316027
0.024335
0.181868
0.292711
0.107885
0.297104
0.208487
0.121832
0.213478
0.168380
0.175618
0.214935
0.461124
0.215341
0.456360
0.449169
0.210726
0.174830
0.116492
0.227917
0.255909
0.316076
0.425156
0.335616
0.137999
0.224519
0.336884
0.082559
0.421373
0.223654
0.458937
0.188145
0.142016
0.105790
0.521326
0.214797
0.378942
0.122962
0.083379
0.108227
0.144611
0.558505
0.199819
0.288543
0.994799
0.435916
0.119259
0.211281
0.061438
0.133936
0.184220
0.051679
0.246662
0.380965
0.153292
0.368525
0.158783
0.360830
0.449330
0.222968
0.181330
0.252274
0.297914
0.265309
0.394464
0.362528
0.364719
0.097772
0.500927
0.201066
0.217123
0.355127
0.305860
0.242741
0.386027
0.266626
0.184792
0.509276
0.308968
0.481516
0.274020
0.325285
0.286804
0.426768
0.367182
0.664179
0.397193
0.411003
0.334993
0.053114
0.469328
0.482013
0.204819
0.422159
0.461466
0.370155
0.428087
0.229332
0.240585
0.173487
0.165864
0.243937
0.193520
0.295681
0.119927
0.272299
0.276976
0.277391
0.379260
0.212850
0.499367
0.424265
0.664244
0.536876
0.292124
0.201009
0.230220
0.435210
0.280692
0.430392
0.458779
0.282677
0.160160
0.209085
0.384168
0.169881
0.378106
0.229500
0.506103
0.238361
0.151696
0.148530
0.410507
0.228704
0.392285
0.257863
0.192115
0.118853
0.190974
0.446720
0.279969
0.370659
0.435916
0.994799
0.171336
0.374456
0.156803
0.320460
0.412177
0.069780
0.440981
0.382672
0.289253
0.375937
0.266369
0.356633
0.734997
0.228308
0.219132
0.280305
0.526543
0.332362
0.444576
0.395103
0.283565
0.250277
0.468608
0.463748
0.185358
0.349947
0.330403
0.472346
0.457885
0.445721
0.365375
0.197368
0.382622
0.265257
0.425017
0.359731
0.251650
0.347642
0.349740
0.329498
0.172564
0.467417
0.405201
0.449590
0.434339
0.330106
0.392614
0.338806
0.414608
0.293165
0.224530
0.181202
0.291496
0.436687
0.412676
0.305245
0.449840
0.314832
0.279458
0.454326
0.369731
0.459645
0.183166
0.381748
0.301146
0.437081
0.362666
0.378404
0.324613
0.318152
0.477362
0.212345
0.405555
0.178908
0.362125
0.430036
0.247496
0.396323
0.348464
0.259305
0.353727
0.473230
0.497075
0.423484
0.402355
0.363292
0.319138
0.314888
0.424265
0.762399
0.317249
0.220850
0.311260
0.270070
0.377137
0.389668
0.119259
0.171336
0.994799
0.302134
0.397190
0.348741
0.358199
0.458308
0.482140
0.461371
0.401907
0.140798
0.242225
0.247634
0.269145
0.335062
0.282446
0.372443
0.237183
0.425475
0.558220
0.617832
0.434156
0.273598
0.383060
0.529041
0.427283
0.717883
0.442092
0.511898
0.484535
0.452503
0.462371
0.463029
0.451616
0.499989
0.499375
0.492491
0.418962
0.501719
0.444733
0.471847
0.310782
0.518754
0.377832
0.351409
0.397304
0.475190
0.409499
0.421306
0.461076
0.409100
0.439164
0.490182
0.291745
0.381007
0.424844
0.564627
0.488457
0.466463
0.372838
0.444842
0.523751
0.501160
0.484989
0.425415
0.459356
0.355082
0.564496
0.731199
0.398054
0.449069
0.446955
0.421557
0.519539
0.465589
0.500259
0.396120
0.453151
0.492738
0.510120
0.437642
0.511450
0.272428
0.552490
0.399068
0.211406
0.324633
0.319515
0.544676
0.437797
0.395246
0.537885
0.341141
0.488227
0.322301
0.509472
0.526620
0.211281
0.374456
0.302134
0.994799
0.519903
0.527444
0.578020
0.504707
0.491019
0.414429
0.518676
0.447735
0.451265
0.471829
0.398226
0.518702
0.348426
0.317251
0.456777
0.488334
0.494008
0.373263
0.396985
0.456010
0.414982
0.542646
0.388538
0.527506
0.422790
0.646740
0.512765
0.449144
0.415803
0.529908
0.448370
0.340323
0.495619
0.481216
0.297017
0.477970
0.353508
0.446353
0.253601
0.587910
0.337028
0.428890
0.531148
0.415791
0.526394
0.298433
0.482471
0.288812
0.307844
0.242208
0.214889
0.483032
0.364787
0.227282
0.457064
0.446910
0.355883
0.484653
0.515572
0.465564
0.494074
0.435245
0.406876
0.468503
0.486534
0.579210
0.340756
0.431943
0.515080
0.413796
0.575913
0.497960
0.453369
0.243488
0.469900
0.440539
0.543986
0.462799
0.468382
0.447545
0.509505
0.494202
0.480578
0.325574
0.231131
0.703213
0.535332
0.305681
0.273793
0.503292
0.570563
0.158211
0.510532
0.686653
0.061438
0.156803
0.397190
0.519903
0.994799
0.536279
0.510744
0.680232
0.405332
0.298944
0.549960
0.458151
0.206301
0.479653
0.279716
0.389242
0.290480
0.382510
0.168582
0.695755
0.511253
0.403270
0.436083
0.198138
0.357627
0.523978
0.240270
0.554708
0.401766
0.481906
0.475341
0.450702
0.362554
0.491208
0.453552
0.313783
0.408743
0.476148
0.536765
0.366766
0.417301
0.502017
0.381681
0.433864
0.407997
0.238912
0.495388
0.464294
0.415683
0.416071
0.501685
0.218975
0.490047
0.401832
0.156312
0.385318
0.256363
0.429075
0.462948
0.354560
0.284828
0.262153
0.458710
0.530105
0.398209
0.437401
0.483630
0.516364
0.537984
0.740285
0.369494
0.359866
0.445407
0.525666
0.492061
0.401618
0.459290
0.220816
0.221516
0.452536
0.492794
0.493775
0.541810
0.346167
0.503442
0.374147
0.175594
0.339597
0.306714
0.506573
0.483688
0.263607
0.479752
0.293996
0.490590
0.335748
0.369859
0.778568
0.133936
0.320460
0.348741
0.527444
0.536279
0.994799
0.803106
0.418917
0.496601
0.397473
0.511142
0.443134
0.397045
0.401899
0.447558
0.384189
0.174191
0.238094
0.454840
0.497654
0.529197
0.415013
0.390244
0.276199
0.424557
0.460198
0.215154
0.535326
0.404860
0.457665
0.506140
0.433278
0.408340
0.479484
0.460156
0.403346
0.490057
0.467878
0.555918
0.400796
0.373199
0.501592
0.318686
0.489672
0.401550
0.310285
0.533616
0.417529
0.423079
0.383489
0.529997
0.302326
0.498978
0.293555
0.218698
0.334544
0.279428
0.393036
0.548452
0.349706
0.214073
0.301544
0.485567
0.542144
0.393212
0.448133
0.532677
0.534359
0.543015
0.583032
0.386316
0.319899
0.475602
0.537872
0.464294
0.383872
0.511308
0.353092
0.317801
0.369677
0.520327
0.503727
0.506424
0.478879
0.512714
0.382236
0.283634
0.394965
0.350166
0.521677
0.511904
0.353578
0.381274
0.310888
0.504896
0.365855
0.332756
0.798656
0.184220
0.412177
0.358199
0.578020
0.510744
0.803106
0.994799
0.353938
0.543359
0.386569
0.492689
0.410122
0.416667
0.451076
0.458566
0.259609
0.246912
0.274096
0.423353
0.496407
0.483970
0.461700
0.260111
0.464057
0.350754
0.591775
0.427300
0.540701
0.467940
0.616377
0.535277
0.466238
0.542307
0.260971
0.289924
0.381690
0.547566
0.477463
0.353034
0.510719
0.441617
0.218253
0.205355
0.574292
0.383340
0.682137
0.330302
0.429749
0.572693
0.370511
0.396788
0.350431
0.201101
0.362519
0.342426
0.506855
0.428196
0.285953
0.387510
0.310553
0.409837
0.591067
0.501285
0.460654
0.272461
0.418136
0.253239
0.272949
0.369754
0.518323
0.406648
0.516267
0.555798
0.231777
0.601407
0.383750
0.402171
0.284755
0.511252
0.479645
0.499683
0.293401
0.514133
0.400786
0.502953
0.595445
0.479092
0.309238
0.137012
0.539950
0.461922
0.390499
0.487347
0.480749
0.497869
0.153951
0.539329
0.447588
0.051679
0.069780
0.458308
0.504707
0.680232
0.418917
0.353938
0.994799
0.383069
0.400383
0.526935
0.270509
0.214713
0.428689
0.174433
0.445467
0.419057
0.478640
0.168391
0.520287
0.668157
0.452181
0.287778
0.145847
0.578758
0.563244
0.246745
0.605147
0.323025
0.539946
0.657756
0.411056
0.430417
0.397549
0.537701
0.474582
0.634791
0.365582
0.521118
0.455262
0.410559
0.521935
0.314421
0.504607
0.456830
0.307100
0.514040
0.494056
0.452084
0.449713
0.552496
0.386215
0.514224
0.520860
0.385197
0.395262
0.304070
0.397161
0.482351
0.394883
0.177543
0.542943
0.481931
0.649279
0.344228
0.381268
0.496614
0.583091
0.583732
0.610999
0.320868
0.281095
0.477733
0.361467
0.430451
0.263732
0.516415
0.476337
0.214945
0.349744
0.380083
0.416154
0.532809
0.424684
0.641027
0.389950
0.411697
0.397167
0.323926
0.513166
0.379076
0.679100
0.534899
0.247618
0.480178
0.350336
0.486883
0.479217
0.246662
0.440981
0.482140
0.491019
0.405332
0.496601
0.543359
0.383069
0.994799
0.496125
0.584867
0.241092
0.404810
0.269545
0.546249
0.356285
0.260447
0.314695
0.547065
0.499393
0.466974
0.493571
0.308145
0.288337
0.490999
0.626472
0.490342
0.470721
0.538034
0.530940
0.532423
0.562695
0.376136
0.369289
0.402713
0.549994
0.432556
0.407400
0.275537
0.464857
0.477727
0.469520
0.433858
0.310903
0.419172
0.430245
0.449258
0.478445
0.359678
0.737995
0.461097
0.474799
0.389503
0.353967
0.416590
0.358266
0.460935
0.461883
0.188165
0.420467
0.478659
0.500013
0.302065
0.520034
0.206963
0.435800
0.435985
0.465248
0.527313
0.538748
0.409001
0.349988
0.481885
0.450019
0.485211
0.382957
0.508692
0.425236
0.305897
0.442646
0.449385
0.218746
0.644464
0.279962
0.531861
0.530051
0.458231
0.230751
0.432965
0.437594
0.525069
0.430401
0.333708
0.368964
0.354649
0.466973
0.422116
0.462043
0.380965
0.382672
0.461371
0.414429
0.298944
0.397473
0.386569
0.400383
0.496125
0.994799
0.481634
0.421936
0.224716
0.469049
0.404312
0.321961
0.469275
0.543014
0.266944
0.423906
0.577841
0.469410
0.466524
0.341079
0.549767
0.565317
0.362813
0.630839
0.489356
0.759497
0.595670
0.467419
0.325343
0.506836
0.464327
0.504779
0.523788
0.500059
0.564329
0.473191
0.425853
0.551850
0.424879
0.551850
0.489376
0.383840
0.580728
0.494616
0.617373
0.499510
0.517442
0.430553
0.521127
0.498157
0.279611
0.478733
0.330776
0.487532
0.320682
0.520188
0.375746
0.558381
0.560156
0.497466
0.450994
0.444838
0.568620
0.495870
0.562819
0.654784
0.523465
0.497097
0.690048
0.537960
0.572942
0.381249
0.441399
0.361711
0.301226
0.527180
0.532441
0.430233
0.509884
0.498111
0.628482
0.537621
0.417512
0.361838
0.341525
0.696316
0.461971
0.405506
0.370372
0.465673
0.459284
0.261404
0.520930
0.483094
0.153292
0.289253
0.401907
0.518676
0.549960
0.511142
0.492689
0.526935
0.584867
0.481634
0.994799
0.316458
0.319820
0.348892
0.570731
0.516001
0.277623
0.420061
0.444158
0.583597
0.370901
0.401716
0.382042
0.256848
0.473607
0.307051
0.349615
0.324199
0.418135
0.451119
0.282186
0.393624
0.206295
0.320198
0.210448
0.477375
0.368123
0.401952
0.177209
0.356625
0.435808
0.445754
0.707102
0.305683
0.117616
0.184557
0.275850
0.390665
0.249587
0.405317
0.426539
0.376934
0.202219
0.210918
0.410632
0.128128
0.408063
0.307684
0.212729
0.364148
0.428015
0.235719
0.334228
0.312707
0.254657
0.421253
0.443291
0.353230
0.521666
0.543131
0.202774
0.300784
0.314562
0.458134
0.464529
0.473280
0.401578
0.288630
0.488307
0.384548
0.452814
0.305845
0.478322
0.205860
0.460633
0.359579
0.236294
0.153620
0.418061
0.482376
0.545937
0.112425
0.146848
0.351646
0.418191
0.436733
0.412755
0.495289
0.368525
0.375937
0.140798
0.447735
0.458151
0.443134
0.410122
0.270509
0.241092
0.421936
0.316458
0.994799
0.329302
0.723939
0.399206
0.338264
0.384459
0.444841
0.373978
0.453390
0.342567
0.279091
0.319364
0.180473
0.376511
0.295734
0.163526
0.369280
0.248320
0.362133
0.217577
0.358748
0.294352
0.308916
0.385963
0.312314
0.427334
0.447577
0.446156
0.375967
0.457900
0.315747
0.341772
0.213313
0.308288
0.095984
0.285235
0.409571
0.211465
0.152319
0.510898
0.450956
0.376148
0.482984
0.219138
0.411361
0.183413
0.514326
0.497031
0.450154
0.506524
0.269470
0.533033
0.322420
0.244561
0.328594
0.460478
0.404386
0.500938
0.447213
0.266076
0.316944
0.306222
0.448490
0.328125
0.434479
0.440802
0.460769
0.373344
0.511907
0.439028
0.288605
0.426204
0.343036
0.473316
0.349373
0.116722
0.473918
0.272136
0.445717
0.428188
0.263461
0.442993
0.348505
0.255705
0.330448
0.216490
0.421723
0.158783
0.266369
0.242225
0.451265
0.206301
0.397045
0.416667
0.214713
0.404810
0.224716
0.319820
0.329302
0.994799
0.219814
0.421547
0.537527
0.076226
0.180726
0.494655
0.436826
0.437343
0.359600
0.248121
0.479568
0.495837
0.420924
0.529328
0.437980
0.510879
0.502936
0.384872
0.421470
0.250142
0.305853
0.181549
0.539767
0.378696
0.400271
0.160555
0.484748
0.443226
0.359708
0.686899
0.457665
0.116404
0.311996
0.260518
0.432523
0.446148
0.424646
0.532441
0.416666
0.140635
0.162013
0.518263
0.111281
0.438807
0.276378
0.189401
0.357542
0.431295
0.291991
0.454153
0.358132
0.256759
0.451642
0.496172
0.239336
0.529472
0.511643
0.172935
0.328358
0.394155
0.450160
0.492198
0.477313
0.520733
0.312149
0.490097
0.406288
0.469828
0.349146
0.499722
0.384592
0.554163
0.540723
0.497684
0.190064
0.459015
0.544882
0.536530
0.151659
0.171157
0.485075
0.399923
0.434740
0.497720
0.481051
0.360830
0.356633
0.247634
0.471829
0.479653
0.401899
0.451076
0.428689
0.269545
0.469049
0.348892
0.723939
0.219814
0.994799
0.362588
0.343806
0.510356
0.532250
0.169401
0.516224
0.469511
0.345901
0.489991
0.222125
0.578580
0.386915
0.291612
0.492956
0.324626
0.439094
0.512702
0.374892
0.242770
0.509510
0.458419
0.525556
0.427639
0.494218
0.488385
0.533374
0.375079
0.629025
0.469117
0.523733
0.507685
0.152185
0.546009
0.510586
0.292601
0.411464
0.601973
0.468804
0.502669
0.408600
0.334000
0.328061
0.154812
0.330976
0.329083
0.445277
0.228472
0.362400
0.498633
0.341679
0.450303
0.395765
0.542698
0.470048
0.619892
0.637850
0.545834
0.426081
0.416261
0.503794
0.479383
0.463882
0.511698
0.491767
0.185939
0.445501
0.533733
0.319041
0.480823
0.446734
0.578617
0.311200
0.261636
0.330199
0.446870
0.381798
0.529580
0.373377
0.322973
0.319612
0.367917
0.477394
0.351985
0.430554
0.449330
0.734997
0.269145
0.398226
0.279716
0.447558
0.458566
0.174433
0.546249
0.404312
0.570731
0.399206
0.421547
0.362588
0.994799
0.419270
0.221685
0.342226
0.583746
0.485507
0.298667
0.418871
0.463024
0.352856
0.437613
0.522549
0.445878
0.422994
0.401303
0.553967
0.195376
0.455915
0.420815
0.433529
0.476091
0.522070
0.517276
0.654854
0.352603
0.509541
0.488859
0.353838
0.300562
0.507284
0.353472
0.155038
0.327634
0.432368
0.375225
0.247889
0.458115
0.517855
0.327080
0.529304
0.170905
0.470584
0.333676
0.556462
0.447811
0.514625
0.476862
0.549796
0.479401
0.220737
0.465107
0.308639
0.449616
0.329619
0.468706
0.482922
0.433003
0.504240
0.455441
0.467380
0.549287
0.490615
0.481475
0.425708
0.496422
0.566190
0.533674
0.247072
0.448827
0.450948
0.573495
0.501577
0.244294
0.314157
0.265588
0.547150
0.473331
0.310080
0.504563
0.476039
0.369962
0.211516
0.380917
0.353907
0.222968
0.228308
0.335062
0.518702
0.389242
0.384189
0.259609
0.445467
0.356285
0.321961
0.516001
0.338264
0.537527
0.343806
0.419270
0.994799
0.113091
0.438572
0.409483
0.540199
0.331941
0.317669
0.099912
0.420087
0.499308
0.415921
0.443725
0.295051
0.478615
0.395944
0.478957
0.381060
0.198583
0.141516
0.066814
0.506365
0.257375
0.223170
0.100668
0.473342
0.376424
0.212304
0.433672
0.440453
0.166804
0.478256
0.142206
0.455683
0.446967
0.445960
0.467555
0.396779
0.074698
0.136410
0.717534
0.108381
0.442999
0.279452
0.093197
0.201484
0.351782
0.269222
0.154210
0.269217
0.081852
0.444017
0.337177
0.088166
0.489630
0.458674
0.202631
0.375376
0.440370
0.195332
0.410324
0.382621
0.478648
0.122284
0.461308
0.218538
0.229064
0.229585
0.468120
0.249284
0.493807
0.448042
0.521478
0.042650
0.304951
0.298573
0.425576
0.129648
0.154136
0.370980
0.155647
0.368223
0.465647
0.395703
0.181330
0.219132
0.282446
0.348426
0.290480
0.174191
0.246912
0.419057
0.260447
0.469275
0.277623
0.384459
0.076226
0.510356
0.221685
0.113091
0.994799
0.451717
0.049894
0.260789
0.440125
0.318416
0.209306
0.555971
0.544112
0.533631
0.539929
0.220963
0.468399
0.536422
0.409771
0.294935
0.324586
0.414135
0.101235
0.504330
0.431669
0.404131
0.176706
0.518459
0.373778
0.333354
0.528448
0.477141
0.334274
0.385287
0.359072
0.440638
0.507084
0.480021
0.548827
0.359911
0.248178
0.280585
0.391877
0.223361
0.409623
0.450114
0.140571
0.292603
0.398177
0.473911
0.266706
0.228022
0.282371
0.404552
0.485112
0.221851
0.520954
0.437245
0.267434
0.435827
0.497380
0.456367
0.491464
0.523001
0.515823
0.248294
0.599990
0.513197
0.337025
0.245411
0.535808
0.486474
0.527220
0.640081
0.505769
0.193236
0.496338
0.409341
0.507155
0.196397
0.212380
0.452737
0.192350
0.442913
0.479574
0.380572
0.252274
0.280305
0.372443
0.317251
0.382510
0.238094
0.274096
0.478640
0.314695
0.543014
0.420061
0.444841
0.180726
0.532250
0.342226
0.438572
0.451717
0.994799
0.082449
0.446157
0.423468
0.359129
0.388951
0.022209
0.374460
0.382836
0.135319
0.493811
0.214198
0.385480
0.376552
0.366380
0.152227
0.275967
0.324502
0.250877
0.432957
0.436926
0.469312
0.191711
0.383006
0.619875
0.315550
0.290526
0.416767
0.060666
0.403715
0.464055
0.102423
0.232406
0.367846
0.405773
0.444158
0.349734
0.198613
0.379786
0.097485
0.218610
0.412101
0.419013
0.106811
0.291281
0.539917
0.379344
0.257234
0.261462
0.353796
0.493377
0.429535
0.529444
0.264938
0.208956
0.201050
0.402997
0.334744
0.272488
0.242603
0.425370
0.102818
0.342722
0.455254
0.281753
0.358710
0.155385
0.450896
0.126445
0.108815
0.362578
0.204509
0.400660
0.374350
0.400721
0.401383
0.083025
0.344835
0.247833
0.328358
0.358119
0.297914
0.526543
0.237183
0.456777
0.168582
0.454840
0.423353
0.168391
0.547065
0.266944
0.444158
0.373978
0.494655
0.169401
0.583746
0.409483
0.049894
0.082449
0.994799
0.401063
0.556146
0.459387
0.449769
0.470964
0.559498
0.549201
0.404516
0.494020
0.466598
0.620895
0.504601
0.445146
0.513509
0.503508
0.519051
0.533825
0.568220
0.517844
0.427868
0.555483
0.358801
0.513105
0.461143
0.499557
0.462476
0.351662
0.702821
0.445063
0.536341
0.448130
0.592134
0.517907
0.446289
0.418012
0.284922
0.483660
0.331492
0.381758
0.495530
0.535211
0.472272
0.544932
0.574061
0.595441
0.505182
0.645380
0.542442
0.538295
0.556226
0.592827
0.492674
0.473571
0.503717
0.516400
0.749760
0.532375
0.557523
0.454077
0.451075
0.530866
0.713140
0.450510
0.540413
0.534173
0.603412
0.529113
0.427835
0.479614
0.464467
0.811860
0.696679
0.393389
0.353228
0.506065
0.680236
0.338793
0.473899
0.662465
0.265309
0.332362
0.425475
0.488334
0.695755
0.497654
0.496407
0.520287
0.499393
0.423906
0.583597
0.453390
0.436826
0.516224
0.485507
0.540199
0.260789
0.446157
0.401063
0.994799
