0.995666
0.404221
0.323893
0.253337
0.539010
0.559203
0.320772
0.564330
0.308333
0.458699
0.578625
0.387185
0.453934
0.472515
0.453088
0.405627
0.644411
0.382319
0.433802
0.512550
0.334510
0.483372
0.400156
0.495488
0.359998
0.308553
0.488431
0.413943
0.521964
0.410323
0.525961
0.302536
0.388140
0.399241
0.270897
0.337350
0.307685
0.422155
0.414487
0.406424
0.307501
0.566555
0.507176
0.597032
0.397410
0.421391
0.536234
0.488976
0.602226
0.566880
0.307999
0.401938
0.418540
0.476751
0.428352
0.388561
0.557116
0.301912
0.335713
0.437258
0.457635
0.350069
0.471761
0.368843
0.607033
0.356504
0.323451
0.336453
0.326607
0.538458
0.425751
0.453811
0.461760
0.441708
0.440638
0.318612
0.541648
0.470697
0.188516
0.354082
0.391014
0.525285
0.448138
0.459283
0.490046
0.453670
0.656979
0.415384
0.552410
0.329217
0.332598
0.404103
0.434053
0.290145
0.298256
0.416256
0.383175
0.517487
0.404221
0.995666
0.381417
0.157793
0.372495
0.412113
0.197619
0.420856
0.373744
0.561473
0.415806
0.420568
0.387116
0.276394
0.348077
0.420562
0.408014
0.371298
0.411827
0.399673
0.403597
0.398900
0.284590
0.380361
0.392880
0.393213
0.424431
0.405485
0.378711
0.412896
0.335824
0.434274
0.377253
0.369644
0.335701
0.352956
0.403926
0.345422
0.346194
0.403322
0.287951
0.491472
0.368029
0.391499
0.262545
0.260221
0.331334
0.386193
0.443993
0.490186
0.402086
0.392716
0.425941
0.230396
0.465604
0.310730
0.412730
0.359575
0.312745
0.388176
0.410788
0.176544
0.378152
0.273419
0.481654
0.373273
0.287235
0.237064
0.156085
0.416868
0.339788
0.382013
0.308778
0.252388
0.361274
0.230520
0.368392
0.373545
0.164220
0.321296
0.342585
0.525540
0.334206
0.356902
0.359747
0.411383
0.396373
0.447072
0.413753
0.348280
0.248762
0.323729
0.306606
0.377429
0.278902
0.274276
0.308381
0.420884
0.323893
0.381417
0.995666
0.195308
0.409398
0.289162
0.174313
0.371518
0.291960
0.437452
0.251753
0.403529
0.301468
0.438362
0.392170
0.391169
0.375115
0.907283
0.420318
0.362478
0.311125
0.433396
0.226135
0.389420
0.472868
0.123367
0.451933
0.365107
0.268312
0.349715
0.329303
0.438303
0.418246
0.273342
0.146258
0.416113
0.218883
0.346038
0.410903
0.490077
0.356888
0.281692
0.371438
0.330614
0.397594
0.228054
0.358846
0.409986
0.433283
0.468887
0.745354
0.426009
0.419237
0.414829
0.445845
0.357871
0.357935
0.366748
0.174156
0.438697
0.765864
0.115831
0.322108
0.272835
0.440249
0.235043
0.159999
0.227176
0.170428
0.333810
0.486653
0.310989
0.249580
0.342002
0.400536
0.169931
0.243630
0.332385
0.179917
0.312300
0.252854
0.392944
0.362332
0.391239
0.350338
0.249360
0.265109
0.277567
0.416377
0.342634
0.289582
0.240280
0.442078
0.408888
0.107798
0.203028
0.337977
0.398540
0.253337
0.157793
0.195308
0.995666
0.324134
0.353442
0.493948
0.155517
0.443938
0.427269
0.251064
0.309943
0.228893
0.219510
0.124788
0.340794
0.325270
0.390523
0.083692
0.392410
0.203575
0.182493
0.241620
0.395099
0.191812
0.360617
0.280786
0.300600
0.411408
0.275494
0.401160
0.222151
0.126542
0.144589
0.202204
0.226248
0.306568
0.219215
0.142648
0.176159
0.399505
0.371004
0.311948
0.149782
0.228969
0.369480
0.405889
0.105158
0.341446
0.222453
0.321122
0.405730
0.413835
0.272683
0.440778
0.454351
0.422518
0.127325
0.516115
0.489382
0.324509
0.217449
0.388940
0.421557
0.414788
0.465722
0.412194
0.155434
0.282918
0.422763
0.412155
0.151923
0.122369
0.434526
0.292819
0.148450
0.288925
0.347878
0.108012
0.094596
0.236082
0.256826
0.407893
0.180256
0.247145
0.411737
0.153249
0.267799
0.315721
0.242321
0.188830
0.434754
0.202370
0.323391
0.362473
0.515180
0.027762
0.431750
0.539010
0.372495
0.409398
0.324134
0.995666
0.541389
0.323305
0.381646
0.388032
0.512467
0.554253
0.316168
0.450618
0.540790
0.415732
0.868529
0.582671
0.496334
0.495705
0.677422
0.445320
0.683351
0.496635
0.568731
0.487276
0.283609
0.544462
0.420739
0.495684
0.452430
0.828987
0.601028
0.431961
0.373164
0.492606
0.403251
0.294531
0.414440
0.366421
0.502068
0.398572
0.480218
0.479164
0.528286
0.346892
0.423517
0.643964
0.564731
0.792859
0.770247
0.459678
0.525516
0.486129
0.437433
0.593376
0.471184
0.761775
0.390886
0.475532
0.519656
0.497434
0.307443
0.597530
0.509729
0.898628
0.584064
0.468985
0.261095
0.568334
0.460065
0.524257
0.413050
0.262570
0.463914
0.350254
0.520046
0.486384
0.441056
0.400695
0.456268
0.434467
0.374720
0.419125
0.350426
0.411502
0.374948
0.570098
0.452146
0.552291
0.449433
0.369537
0.470558
0.553853
0.444413
0.456838
0.520087
0.346860
0.538803
0.559203
0.412113
0.289162
0.353442
0.541389
0.995666
0.456120
0.523874
0.445106
0.607140
0.525957
0.483735
0.502801
0.486784
0.384979
0.548198
0.584631
0.509049
0.512485
0.549113
0.426509
0.511637
0.439603
0.558981
0.467789
0.410171
0.530953
0.560650
0.417672
0.472040
0.570842
0.372995
0.423594
0.501874
0.270653
0.534076
0.366080
0.464099
0.309828
0.445150
0.436243
0.591818
0.529908
0.617411
0.361398
0.450745
0.398181
0.520878
0.532941
0.602572
0.481099
0.465163
0.425630
0.558270
0.577941
0.448347
0.502354
0.276043
0.404151
0.525007
0.562828
0.353495
0.529607
0.388618
0.590386
0.574128
0.371648
0.297681
0.373254
0.592296
0.456355
0.331855
0.591278
0.539193
0.451244
0.348248
0.486481
0.439968
0.122498
0.199066
0.425305
0.494005
0.525986
0.481963
0.440330
0.569827
0.546584
0.606958
0.534677
0.290196
0.302251
0.407971
0.391520
0.500351
0.383964
0.499223
0.369425
0.526450
0.320772
0.197619
0.174313
0.493948
0.323305
0.456120
0.995666
0.405450
0.452623
0.354293
0.369390
0.288600
0.333632
0.356083
0.247224
0.503937
0.429855
0.308989
0.088612
0.466235
0.504132
0.267616
0.260296
0.422095
0.162342
0.237946
0.234024
0.361483
0.381631
0.315333
0.377628
0.349170
0.117585
0.376765
0.324828
0.195935
0.338681
0.403490
0.182766
0.276362
0.395802
0.351773
0.350480
0.220311
0.356692
0.365205
0.371939
0.141801
0.436092
0.396391
0.145073
0.368046
0.316197
0.260548
0.423955
0.560686
0.463595
0.187530
0.462610
0.391843
0.327673
0.247606
0.443765
0.201266
0.503111
0.472430
0.375545
0.096058
0.254350
0.413341
0.379585
0.165112
0.231329
0.422654
0.372057
0.217275
0.425623
0.339385
0.188153
0.237053
0.184291
0.383324
0.348206
0.220610
0.202998
0.379745
0.262964
0.474440
0.351914
0.314792
0.172944
0.490729
0.291692
0.411187
0.381647
0.509687
0.158248
0.367158
0.564330
0.420856
0.371518
0.155517
0.381646
0.523874
0.405450
0.995666
0.393837
0.522094
0.605415
0.393981
0.392698
0.466669
0.418804
0.502744
0.527964
0.388743
0.494956
0.449645
0.434171
0.415814
0.259304
0.485474
0.431537
0.280683
0.386117
0.488380
0.511273
0.370618
0.389613
0.451964
0.447800
0.465476
0.337689
0.419340
0.324166
0.451451
0.368400
0.414500
0.283131
0.486969
0.609314
0.543977
0.489621
0.378509
0.403286
0.399362
0.531237
0.728751
0.370276
0.429347
0.429213
0.416960
0.489974
0.377990
0.411466
0.415844
0.260126
0.373069
0.427278
0.462276
0.480294
0.226312
0.560270
0.314808
0.263730
0.311604
0.190999
0.517288
0.317794
0.368450
0.430979
0.215480
0.503667
0.245770
0.460098
0.503536
0.122831
0.327744
0.318241
0.651685
0.509630
0.515688
0.501342
0.523041
0.594315
0.439163
0.618138
0.303646
0.358997
0.415611
0.475153
0.392295
0.265210
0.232191
0.456178
0.464175
0.308333
0.373744
0.291960
0.443938
0.388032
0.445106
0.452623
0.393837
0.995666
0.530473
0.411286
0.568515
0.163272
0.348547
0.154752
0.455005
0.218290
0.394557
0.223676
0.368598
0.391369
0.345083
0.348901
0.383284
0.286334
0.339555
0.253887
0.539146
0.445898
0.424145
0.411136
0.419581
0.154532
0.295589
0.350458
0.255470
0.527114
0.425416
0.132718
0.370802
0.378510
0.379109
0.354465
0.284946
0.267757
0.351096
0.348983
0.194056
0.396869
0.420027
0.311376
0.378412
0.383379
0.357889
0.414065
0.436363
0.384786
0.191081
0.424490
0.444616
0.411679
0.313812
0.399923
0.379457
0.439424
0.501395
0.407917
0.155399
0.380008
0.489949
0.406758
0.182479
0.269598
0.380211
0.241927
0.275341
0.399745
0.373021
0.217348
0.274711
0.294820
0.383762
0.375652
0.344735
0.349634
0.426937
0.309169
0.508354
0.442843
0.365713
0.231660
0.470784
0.289112
0.353418
0.417964
0.420275
0.192461
0.438112
0.458699
0.561473
0.437452
0.427269
0.512467
0.607140
0.354293
0.522094
0.530473
0.995666
0.556375
0.429855
0.389803
0.453882
0.409235
0.460987
0.518823
0.536771
0.485330
0.529308
0.385997
0.468859
0.427049
0.534816
0.484894
0.443828
0.534131
0.441374
0.644102
0.402951
0.501739
0.425314
0.421887
0.425045
0.352717
0.514819
0.374894
0.462741
0.405625
0.556509
0.373365
0.564342
0.545790
0.535923
0.396424
0.403090
0.347980
0.457621
0.497500
0.552145
0.488920
0.438389
0.642034
0.448516
0.722296
0.505459
0.453261
0.424460
0.473838
0.495600
0.578574
0.377665
0.502379
0.525656
0.543325
0.562423
0.432340
0.371411
0.337945
0.573352
0.544844
0.422293
0.412460
0.505511
0.404272
0.290021
0.504667
0.407664
0.122062
0.230111
0.428314
0.475684
0.627075
0.433010
0.416156
0.592775
0.509708
0.505171
0.704244
0.411577
0.339523
0.483023
0.426641
0.521009
0.362558
0.510476
0.356586
0.601028
0.578625
0.415806
0.251753
0.251064
0.554253
0.525957
0.369390
0.605415
0.411286
0.556375
0.995666
0.377129
0.364949
0.357542
0.406679
0.514250
0.588002
0.300172
0.496044
0.487276
0.256329
0.420704
0.211597
0.560312
0.420583
0.423106
0.523282
0.441009
0.510078
0.417150
0.416717
0.453539
0.456141
0.347020
0.404820
0.384552
0.325011
0.267614
0.366257
0.422072
0.193635
0.609264
0.470728
0.621597
0.315524
0.415953
0.401765
0.442045
0.576680
0.632538
0.385722
0.342108
0.454766
0.294713
0.501359
0.285134
0.457352
0.411896
0.316130
0.357301
0.376228
0.345631
0.462340
0.309997
0.578072
0.473842
0.437162
0.193054
0.191942
0.464689
0.436252
0.454264
0.378679
0.286891
0.476125
0.293014
0.477124
0.484351
0.152908
0.359295
0.409202
0.449228
0.484000
0.432574
0.465377
0.513686
0.647104
0.495638
0.588662
0.269543
0.240027
0.356333
0.512062
0.208906
0.426726
0.394534
0.364581
0.479458
0.387185
0.420568
0.403529
0.309943
0.316168
0.483735
0.288600
0.393981
0.568515
0.429855
0.377129
0.995666
0.317795
0.376024
0.326358
0.372122
0.333701
0.433777
0.316767
0.343171
0.529858
0.356400
0.288451
0.350769
0.278725
0.311536
0.382810
0.410809
0.338686
0.597476
0.406640
0.306909
0.287693
0.304471
0.276472
0.338896
0.472103
0.347652
0.351091
0.312801
0.378855
0.402346
0.347041
0.406284
0.220655
0.338319
0.358635
0.396059
0.399949
0.418168
0.421579
0.386635
0.407286
0.419970
0.431204
0.309416
0.393093
0.287842
0.282169
0.418017
0.590039
0.202926
0.407427
0.358661
0.421887
0.407436
0.282715
0.207118
0.302235
0.482911
0.447910
0.330799
0.360707
0.350792
0.360254
0.241423
0.370830
0.407005
0.215787
0.235179
0.395550
0.390017
0.399311
0.389327
0.377926
0.414463
0.364068
0.525151
0.411265
0.351500
0.309947
0.383751
0.334716
0.398444
0.347002
0.261557
0.316934
0.398960
0.453934
0.387116
0.301468
0.228893
0.450618
0.502801
0.333632
0.392698
0.163272
0.389803
0.364949
0.317795
0.995666
0.420036
0.464158
0.457267
0.539928
0.450095
0.360310
0.638271
0.381580
0.400517
0.149511
0.481525
0.371518
0.382933
0.426254
0.210449
0.334096
0.279294
0.541780
0.350156
0.427391
0.429929
0.210706
0.458815
0.121421
0.339147
0.521140
0.307208
0.304083
0.446506
0.420907
0.559632
0.390488
0.299672
0.425129
0.466615
0.500309
0.517733
0.458830
0.450473
0.459024
0.338855
0.490057
0.427024
0.573402
0.335320
0.299724
0.342543
0.511708
0.186708
0.470028
0.307082
0.553099
0.368056
0.219495
0.347888
0.195273
0.380306
0.440327
0.308472
0.417443
0.431448
0.543866
0.154330
0.422027
0.427552
0.107286
0.178237
0.329427
0.421007
0.398033
0.341056
0.377035
0.514213
0.426387
0.350471
0.307576
0.208033
0.277805
0.258463
0.241437
0.394154
0.201792
0.325017
0.152558
0.477180
0.472515
0.276394
0.438362
0.219510
0.540790
0.486784
0.356083
0.466669
0.348547
0.453882
0.357542
0.376024
0.420036
0.995666
0.450268
0.446756
0.335513
0.430268
0.432169
0.465470
0.342428
0.503598
0.327076
0.431912
0.353288
0.138765
0.466672
0.390039
0.313538
0.407706
0.485944
0.335848
0.509034
0.393827
0.148192
0.348833
0.164503
0.383917
0.384773
0.387605
0.242214
0.283591
0.289298
0.467891
0.492531
0.285936
0.430553
0.505908
0.513342
0.534703
0.414545
0.392077
0.368870
0.626701
0.448452
0.512544
0.496972
0.218827
0.182730
0.371325
0.461519
0.317357
0.399115
0.261254
0.501709
0.356635
0.200104
0.186466
0.399757
0.367491
0.382351
0.191120
0.400910
0.251657
0.440801
0.335327
0.327001
0.444610
0.221660
0.467742
0.186640
0.420799
0.500266
0.437877
0.428425
0.262720
0.384799
0.343427
0.471426
0.290122
0.296507
0.288202
0.488162
0.398824
0.137236
0.394937
0.254327
0.468300
0.453088
0.348077
0.392170
0.124788
0.415732
0.384979
0.247224
0.418804
0.154752
0.409235
0.406679
0.326358
0.464158
0.450268
0.995666
0.396924
0.450577
0.413959
0.341481
0.513015
0.277102
0.424877
0.123286
0.412080
0.319451
0.135988
0.460818
0.166652
0.215153
0.291546
0.433005
0.339587
0.422367
0.462226
0.109966
0.436644
0.116286
0.357788
0.488309
0.443619
0.262391
0.400503
0.486641
0.571469
0.590999
0.272960
0.411640
0.520551
0.475445
0.537552
0.395082
0.306747
0.378178
0.378224
0.479180
0.322755
0.503503
0.478019
0.124058
0.370793
0.447265
0.237427
0.330451
0.334628
0.510964
0.194564
0.133009
0.395939
0.199730
0.440719
0.417898
0.437853
0.418405
0.400929
0.645262
0.167893
0.389603
0.420028
0.235392
0.282105
0.335702
0.421945
0.418910
0.411015
0.417208
0.276738
0.502234
0.368473
0.436298
0.198587
0.356175
0.179045
0.418644
0.454073
0.073092
0.110405
0.294497
0.477364
0.405627
0.420562
0.391169
0.340794
0.868529
0.548198
0.503937
0.502744
0.455005
0.460987
0.514250
0.372122
0.457267
0.446756
0.396924
0.995666
0.550960
0.479207
0.360876
0.674604
0.494207
0.486971
0.383439
0.536899
0.385982
0.315792
0.428194
0.441840
0.447673
0.489383
0.645937
0.600182
0.377331
0.500165
0.494712
0.357687
0.403738
0.453118
0.296358
0.517419
0.413608
0.457251
0.489830
0.461268
0.443162
0.409474
0.603796
0.382797
0.761026
0.662930
0.463706
0.514291
0.479323
0.382234
0.492143
0.516064
0.747731
0.380879
0.440801
0.423896
0.477756
0.315579
0.653987
0.336477
0.891187
0.637613
0.443944
0.152166
0.446736
0.432528
0.506355
0.244964
0.333863
0.486130
0.436873
0.409593
0.467959
0.434526
0.388863
0.448544
0.256778
0.457171
0.339736
0.303585
0.380944
0.389462
0.479077
0.514484
0.503173
0.445940
0.306708
0.508449
0.498441
0.502322
0.463066
0.473457
0.240282
0.520096
0.644411
0.408014
0.375115
0.325270
0.582671
0.584631
0.429855
0.527964
0.218290
0.518823
0.588002
0.333701
0.539928
0.335513
0.450577
0.550960
0.995666
0.470325
0.483590
0.609357
0.347999
0.437757
0.318504
0.556120
0.409396
0.395910
0.508814
0.352731
0.523428
0.301918
0.551551
0.439146
0.440465
0.449202
0.349323
0.454587
0.273050
0.292522
0.551805
0.301799
0.341083
0.634008
0.627139
0.606982
0.424987
0.418568
0.491875
0.499539
0.564139
0.603977
0.415722
0.514953
0.459209
0.384030
0.535410
0.455548
0.572545
0.484743
0.470614
0.445402
0.451394
0.310003
0.526193
0.334225
0.643623
0.397191
0.323469
0.438546
0.290486
0.564618
0.456623
0.447666
0.444585
0.485982
0.514086
0.335715
0.512730
0.443817
0.137039
0.263785
0.390741
0.460548
0.462568
0.378556
0.468460
0.525955
0.619439
0.396072
0.509600
0.337927
0.403320
0.363245
0.402685
0.489123
0.244954
0.411279
0.397597
0.545568
0.382319
0.371298
0.907283
0.390523
0.496334
0.509049
0.308989
0.388743
0.394557
0.536771
0.300172
0.433777
0.450095
0.430268
0.413959
0.479207
0.470325
0.995666
0.508057
0.510863
0.378659
0.449324
0.362356
0.464136
0.502692
0.248750
0.503459
0.438990
0.430331
0.393591
0.556923
0.487867
0.428586
0.453153
0.291370
0.478768
0.342904
0.374589
0.421312
0.503845
0.411617
0.468426
0.509494
0.437895
0.391263
0.423418
0.455845
0.463926
0.513234
0.550918
0.736633
0.427944
0.475397
0.483705
0.660835
0.428484
0.504162
0.413210
0.365764
0.611596
0.817263
0.350760
0.453004
0.457211
0.519329
0.445717
0.335547
0.409922
0.353932
0.462311
0.537134
0.268280
0.473436
0.462697
0.399387
0.303916
0.417244
0.385687
0.249334
0.283368
0.323893
0.455561
0.442500
0.426851
0.434069
0.443479
0.348862
0.367185
0.452065
0.361909
0.396318
0.382155
0.441640
0.577220
0.219870
0.380912
0.381969
0.473255
0.433802
0.411827
0.420318
0.083692
0.495705
0.512485
0.088612
0.494956
0.223676
0.485330
0.496044
0.316767
0.360310
0.432169
0.341481
0.360876
0.483590
0.508057
0.995666
0.334707
0.267261
0.510756
0.256764
0.373898
0.512584
0.240818
0.508489
0.453330
0.383767
0.277795
0.477361
0.489653
0.654616
0.486036
0.188284
0.560833
0.094526
0.360166
0.459469
0.412979
0.174785
0.388614
0.551995
0.518006
0.240384
0.242792
0.443439
0.565474
0.523834
0.635794
0.492948
0.453083
0.422975
0.477378
0.501204
0.194002
0.397801
0.354805
0.177891
0.341740
0.527060
0.304661
0.335552
0.346098
0.533555
0.346045
0.195146
0.403398
0.128937
0.372596
0.292633
0.340333
0.492586
0.239346
0.278447
0.238414
0.293810
0.429191
0.042873
0.265386
0.237304
0.397931
0.309245
0.502103
0.536394
0.381223
0.502672
0.274550
0.543292
0.198685
0.425322
0.184078
0.476582
0.351613
0.122051
0.200925
0.421415
0.403987
0.512550
0.399673
0.362478
0.392410
0.677422
0.549113
0.466235
0.449645
0.368598
0.529308
0.487276
0.343171
0.638271
0.465470
0.513015
0.674604
0.609357
0.510863
0.334707
0.995666
0.443813
0.468016
0.325710
0.563112
0.410509
0.318710
0.488818
0.355926
0.460655
0.390282
0.751148
0.465233
0.386377
0.518378
0.377668
0.425785
0.273959
0.468221
0.429765
0.458063
0.393620
0.565836
0.437834
0.515927
0.477476
0.371169
0.550311
0.484561
0.808213
0.667077
0.459824
0.487631
0.443667
0.415530
0.567153
0.503396
0.838293
0.364700
0.465151
0.512712
0.589088
0.284136
0.763219
0.450255
0.821930
0.523309
0.333465
0.226366
0.375065
0.456585
0.505232
0.285415
0.454658
0.592675
0.509991
0.351555
0.506814
0.458740
0.298161
0.387812
0.322416
0.469161
0.469155
0.352348
0.383821
0.493776
0.443307
0.431319
0.474314
0.347677
0.375346
0.476612
0.512853
0.497418
0.434722
0.489570
0.195142
0.547681
0.334510
0.403597
0.311125
0.203575
0.445320
0.426509
0.504132
0.434171
0.391369
0.385997
0.256329
0.529858
0.381580
0.342428
0.277102
0.494207
0.347999
0.378659
0.267261
0.443813
0.995666
0.385780
0.334086
0.383895
0.209171
0.216339
0.225798
0.395859
0.283847
0.390351
0.481929
0.476084
0.237540
0.478262
0.440313
0.272757
0.377263
0.406343
0.330641
0.345079
0.334634
0.426278
0.347137
0.292641
0.185846
0.296027
0.406677
0.311504
0.435666
0.483097
0.287300
0.370042
0.328675
0.270737
0.408866
0.453966
0.511226
0.270314
0.454764
0.368922
0.406972
0.177765
0.531722
0.321179
0.523284
0.519490
0.298036
0.214582
0.328790
0.411411
0.394150
0.225673
0.408977
0.274058
0.218732
0.346046
0.389854
0.379276
0.330927
0.337257
0.315455
0.384986
0.322691
0.366216
0.334635
0.397127
0.383368
0.450485
0.397908
0.387288
0.404041
0.402225
0.351170
0.440664
0.328977
0.357599
0.337204
0.324249
0.483372
0.398900
0.433396
0.182493
0.683351
0.511637
0.267616
0.415814
0.345083
0.468859
0.420704
0.356400
0.400517
0.503598
0.424877
0.486971
0.437757
0.449324
0.510756
0.468016
0.385780
0.995666
0.400829
0.470868
0.534621
0.157139
0.602818
0.491170
0.292887
0.420724
0.512218
0.489606
0.455215
0.320208
0.301845
0.403163
0.180364
0.332902
0.376670
0.432534
0.271036
0.353047
0.522682
0.515014
0.361523
0.393018
0.479636
0.526355
0.507421
0.710696
0.486336
0.370395
0.396898
0.447219
0.515413
0.442205
0.482156
0.351482
0.245920
0.419891
0.504774
0.354283
0.436991
0.357290
0.530633
0.343844
0.242003
0.353802
0.403696
0.475927
0.459553
0.330591
0.197989
0.388221
0.358654
0.430912
0.381420
0.419840
0.376748
0.652527
0.302752
0.445186
0.413831
0.448782
0.448772
0.225895
0.487194
0.437662
0.514722
0.398689
0.294582
0.332460
0.612231
0.344692
0.198945
0.314089
0.613242
0.465770
0.400156
0.284590
0.226135
0.241620
0.496635
0.439603
0.260296
0.259304
0.348901
0.427049
0.211597
0.288451
0.149511
0.327076
0.123286
0.383439
0.318504
0.362356
0.256764
0.325710
0.334086
0.400829
0.995666
0.295224
0.159576
0.195457
0.350516
0.395444
0.374833
0.430186
0.491567
0.372965
0.242215
0.189900
0.379967
0.139117
0.288328
0.265239
0.125898
0.293302
0.368748
0.249048
0.284805
0.338318
0.099064
0.324270
0.416138
0.229525
0.460182
0.480255
0.287838
0.362325
0.323797
0.489893
0.407951
0.392399
0.376637
0.216471
0.406721
0.407751
0.369449
0.269202
0.409121
0.327704
0.441154
0.456199
0.306213
0.199768
0.412969
0.417317
0.498752
0.107850
0.192794
0.341540
0.156801
0.448450
0.368670
0.379836
0.316273
0.348280
0.171209
0.281365
0.245163
0.354369
0.301750
0.216552
0.294922
0.394111
0.384427
0.642530
0.326113
0.687693
0.429440
0.299924
0.404113
0.490150
0.274234
0.420504
0.495488
0.380361
0.389420
0.395099
0.568731
0.558981
0.422095
0.485474
0.383284
0.534816
0.560312
0.350769
0.481525
0.431912
0.412080
0.536899
0.556120
0.464136
0.373898
0.563112
0.383895
0.470868
0.295224
0.995666
0.470247
0.313716
0.547302
0.436340
0.511983
0.365430
0.551974
0.499410
0.374621
0.380220
0.377440
0.492820
0.311430
0.306960
0.508089
0.411688
0.262114
0.519712
0.442426
0.452488
0.564234
0.398039
0.470667
0.431618
0.529277
0.548741
0.489996
0.441247
0.433755
0.419535
0.537609
0.430751
0.522545
0.363522
0.422928
0.455385
0.491580
0.413087
0.422249
0.531437
0.548040
0.472824
0.429925
0.216439
0.275702
0.496070
0.395228
0.384629
0.357738
0.437159
0.485015
0.262800
0.500606
0.403944
0.185314
0.368106
0.426799
0.472831
0.560837
0.410974
0.466443
0.552641
0.472255
0.294016
0.521997
0.299409
0.208526
0.423870
0.495646
0.470434
0.419719
0.442562
0.270039
0.458705
0.359998
0.392880
0.472868
0.191812
0.487276
0.467789
0.162342
0.431537
0.286334
0.484894
0.420583
0.278725
0.371518
0.353288
0.319451
0.385982
0.409396
0.502692
0.512584
0.410509
0.209171
0.534621
0.159576
0.470247
0.995666
0.319069
0.738517
0.478047
0.359715
0.324454
0.381540
0.540058
0.504272
0.446509
0.211922
0.894720
0.199216
0.342053
0.367457
0.483744
0.238625
0.420314
0.548737
0.479602
0.367298
0.335630
0.296735
0.463462
0.437316
0.565749
0.678501
0.360755
0.427865
0.375702
0.495366
0.255071
0.351637
0.401730
0.210672
0.423932
0.493419
0.286163
0.326922
0.305681
0.446988
0.374603
0.225748
0.373835
0.149775
0.346618
0.387421
0.420624
0.369020
0.197660
0.336087
0.149488
0.331282
0.298571
0.084858
0.331586
0.357263
0.362667
0.334626
0.384732
0.382238
0.377573
0.427438
0.407799
0.456311
0.119881
0.298701
0.129367
0.480741
0.328194
0.162068
0.317741
0.415851
0.426288
0.308553
0.393213
0.123367
0.360617
0.283609
0.410171
0.237946
0.280683
0.339555
0.443828
0.423106
0.311536
0.382933
0.138765
0.135988
0.315792
0.395910
0.248750
0.240818
0.318710
0.216339
0.157139
0.195457
0.313716
0.319069
0.995666
0.254449
0.313152
0.424407
0.262013
0.258789
0.287484
0.189978
0.142975
0.361145
0.371639
0.353753
0.127217
0.224074
0.129002
0.182426
0.408676
0.291050
0.347768
0.111835
0.342223
0.184816
0.162885
0.283712
0.326303
0.318401
0.471547
0.724645
0.108584
0.452728
0.233476
0.285520
0.212592
0.389170
0.246119
0.251560
0.202169
0.365020
0.305344
0.354952
0.403623
0.412498
0.209800
0.101845
0.335543
0.371315
0.262387
0.196451
0.266940
0.213633
0.108379
0.390183
0.384401
0.017977
0.061188
0.395209
0.320067
0.398645
0.227294
0.291249
0.609705
0.288764
0.393695
0.348444
0.176970
0.095239
0.285891
0.162133
0.152689
0.432078
0.348218
0.061601
0.324420
0.488431
0.424431
0.451933
0.280786
0.544462
0.530953
0.234024
0.386117
0.253887
0.534131
0.523282
0.382810
0.426254
0.466672
0.460818
0.428194
0.508814
0.503459
0.508489
0.488818
0.225798
0.602818
0.350516
0.547302
0.738517
0.254449
0.995666
0.397957
0.390858
0.404329
0.515415
0.530866
0.490860
0.364400
0.192248
0.731848
0.176049
0.303233
0.503111
0.502297
0.250470
0.433706
0.555560
0.609064
0.421655
0.397152
0.499036
0.601566
0.531773
0.607423
0.702895
0.391452
0.436012
0.514138
0.554735
0.426529
0.473712
0.349663
0.189867
0.473404
0.563121
0.326249
0.354462
0.421066
0.534595
0.455633
0.224340
0.372193
0.379944
0.502415
0.491373
0.410453
0.274447
0.370050
0.514151
0.271872
0.451456
0.435526
0.184700
0.449704
0.398812
0.381473
0.502850
0.449863
0.491408
0.334632
0.480947
0.451950
0.556538
0.262118
0.293539
0.261664
0.517287
0.323875
0.147737
0.347238
0.406041
0.635560
0.413943
0.405485
0.365107
0.300600
0.420739
0.560650
0.361483
0.488380
0.539146
0.441374
0.441009
0.410809
0.210449
0.390039
0.166652
0.441840
0.352731
0.438990
0.453330
0.355926
0.395859
0.491170
0.395444
0.436340
0.478047
0.313152
0.397957
0.995666
0.392266
0.397778
0.446860
0.458413
0.385472
0.315390
0.388007
0.425601
0.361961
0.308929
0.194212
0.414980
0.298058
0.413309
0.441402
0.348481
0.281429
0.420221
0.412175
0.297594
0.480576
0.616488
0.375278
0.401626
0.371850
0.426331
0.397197
0.371551
0.354306
0.307855
0.338467
0.416357
0.398286
0.364890
0.411267
0.355156
0.462742
0.443432
0.357268
0.230454
0.241711
0.427343
0.380461
0.293099
0.371200
0.257789
0.249734
0.291089
0.422564
0.363484
0.157093
0.446592
0.289394
0.418376
0.385840
0.408918
0.363407
0.394610
0.450792
0.439037
0.446301
0.351375
0.378064
0.395519
0.468860
0.385050
0.404379
0.393841
0.416916
0.394210
0.521964
0.378711
0.268312
0.411408
0.495684
0.417672
0.381631
0.511273
0.445898
0.644102
0.510078
0.338686
0.334096
0.313538
0.215153
0.447673
0.523428
0.430331
0.383767
0.460655
0.283847
0.292887
0.374833
0.511983
0.359715
0.424407
0.390858
0.392266
0.995666
0.353754
0.404628
0.407620
0.311264
0.257587
0.429522
0.401902
0.331415
0.233796
0.221745
0.259042
0.267925
0.505816
0.444200
0.300646
0.359364
0.365928
0.426844
0.240365
0.436714
0.519566
0.381626
0.480703
0.595454
0.289349
0.469266
0.362022
0.403757
0.241763
0.425261
0.427667
0.369165
0.343645
0.413014
0.460458
0.524601
0.505875
0.574424
0.216860
0.213421
0.466521
0.359621
0.299386
0.179625
0.396998
0.318099
0.181869
0.442450
0.417567
0.099551
0.187135
0.352790
0.365714
0.481338
0.374469
0.387296
0.542856
0.455985
0.327371
0.592455
0.232750
0.213038
0.429377
0.274623
0.346805
0.402784
0.463444
0.098008
0.503648
0.410323
0.412896
0.349715
0.275494
0.452430
0.472040
0.315333
0.370618
0.424145
0.402951
0.417150
0.597476
0.279294
0.407706
0.291546
0.489383
0.301918
0.393591
0.277795
0.390282
0.390351
0.420724
0.430186
0.365430
0.324454
0.262013
0.404329
0.397778
0.353754
0.995666
0.427409
0.427736
0.363466
0.321170
0.306222
0.199238
0.366282
0.348417
0.104963
0.338628
0.369884
0.376736
0.200495
0.459883
0.185683
0.303143
0.399573
0.359879
0.443924
0.469887
0.409819
0.349555
0.466327
0.360151
0.403307
0.334578
0.444687
0.150678
0.226819
0.417225
0.421364
0.148654
0.395409
0.269080
0.500680
0.487128
0.292147
0.114189
0.354686
0.373328
0.435534
0.241751
0.323707
0.340702
0.263282
0.350832
0.372112
0.368025
0.352499
0.370227
0.306837
0.365030
0.280420
0.358486
0.335251
0.349492
0.405701
0.679528
0.455534
0.371728
0.140078
0.389255
0.366631
0.239007
0.392744
0.441007
0.206328
0.407842
0.525961
0.335824
0.329303
0.401160
0.828987
0.570842
0.377628
0.389613
0.411136
0.501739
0.416717
0.406640
0.541780
0.485944
0.433005
0.645937
0.551551
0.556923
0.477361
0.751148
0.481929
0.512218
0.491567
0.551974
0.381540
0.258789
0.515415
0.446860
0.404628
0.427409
0.995666
0.492123
0.420183
0.469602
0.483145
0.328990
0.224509
0.420227
0.437911
0.407600
0.363756
0.452187
0.489690
0.585295
0.281268
0.425392
0.707818
0.529269
0.856497
0.685695
0.452508
0.425397
0.471346
0.492189
0.513427
0.479343
0.818256
0.347438
0.453537
0.462002
0.573512
0.354196
0.752226
0.590820
0.809799
0.589758
0.437015
0.343661
0.522120
0.515801
0.546050
0.244345
0.430247
0.509551
0.354215
0.476473
0.475191
0.541231
0.393161
0.410054
0.375685
0.445498
0.485914
0.471697
0.493643
0.404359
0.531601
0.432260
0.523564
0.413980
0.481666
0.510656
0.584650
0.449405
0.427488
0.531139
0.341119
0.574425
0.302536
0.434274
0.438303
0.222151
0.601028
0.372995
0.349170
0.451964
0.419581
0.425314
0.453539
0.306909
0.350156
0.335848
0.339587
0.600182
0.439146
0.487867
0.489653
0.465233
0.476084
0.489606
0.372965
0.499410
0.540058
0.287484
0.530866
0.458413
0.407620
0.427736
0.492123
0.995666
0.384623
0.456384
0.559808
0.573125
0.310396
0.361193
0.331566
0.563077
0.384489
0.338078
0.523897
0.512153
0.350716
0.370960
0.396275
0.379627
0.532846
0.614811
0.501875
0.455194
0.435941
0.351360
0.539021
0.434739
0.556287
0.508496
0.387821
0.429172
0.544874
0.223357
0.459651
0.295400
0.593312
0.602669
0.394533
0.265798
0.241021
0.449101
0.451442
0.322497
0.284652
0.332522
0.416609
0.253053
0.451731
0.324265
0.294697
0.369077
0.274830
0.385097
0.305340
0.223398
0.303115
0.366200
0.379665
0.466714
0.432082
0.353993
0.422653
0.418730
0.445475
0.504232
0.366651
0.371643
0.382965
0.495577
0.388140
0.377253
0.418246
0.126542
0.431961
0.423594
0.117585
0.447800
0.154532
0.421887
0.456141
0.287693
0.427391
0.509034
0.422367
0.377331
0.440465
0.428586
0.654616
0.386377
0.237540
0.455215
0.242215
0.374621
0.504272
0.189978
0.490860
0.385472
0.311264
0.363466
0.420183
0.384623
0.995666
0.407644
0.152292
0.436820
0.095303
0.301562
0.427528
0.312667
0.127557
0.357770
0.403160
0.456574
0.384175
0.245997
0.431928
0.529053
0.499724
0.522884
0.448245
0.371031
0.393680
0.447058
0.451603
0.255449
0.387858
0.353683
0.191963
0.297951
0.434746
0.267986
0.361540
0.225159
0.484426
0.234353
0.153783
0.365595
0.206779
0.328637
0.338255
0.306832
0.339262
0.161794
0.328636
0.283755
0.299779
0.429251
0.189253
0.380214
0.206363
0.405356
0.302605
0.444743
0.456944
0.200570
0.476002
0.352979
0.492906
0.200508
0.348971
0.147215
0.464665
0.298222
0.075803
0.243297
0.398242
0.405026
0.399241
0.369644
0.273342
0.144589
0.373164
0.501874
0.376765
0.465476
0.295589
0.425045
0.347020
0.304471
0.429929
0.393827
0.462226
0.500165
0.449202
0.453153
0.486036
0.518378
0.478262
0.320208
0.189900
0.380220
0.446509
0.142975
0.364400
0.315390
0.257587
0.321170
0.469602
0.456384
0.407644
0.995666
0.219990
0.447216
0.141350
0.534741
0.306150
0.456090
0.276072
0.388035
0.389160
0.436602
0.375373
0.241330
0.380137
0.426114
0.479851
0.567319
0.343332
0.354490
0.344803
0.399392
0.434588
0.459766
0.521481
0.280440
0.317279
0.368223
0.441278
0.249315
0.429430
0.181601
0.549214
0.492219
0.115834
0.270466
0.176120
0.443892
0.251223
0.257624
0.694625
0.315918
0.355524
0.260213
0.345263
0.317732
0.157270
0.226107
0.181521
0.448021
0.249520
0.365333
0.279292
0.370949
0.501324
0.361743
0.488287
0.208947
0.440059
0.181125
0.392566
0.496924
0.137606
0.303810
0.328047
0.408869
0.270897
0.335701
0.146258
0.202204
0.492606
0.270653
0.324828
0.337689
0.350458
0.352717
0.404820
0.276472
0.210706
0.148192
0.109966
0.494712
0.349323
0.291370
0.188284
0.377668
0.440313
0.301845
0.379967
0.377440
0.211922
0.361145
0.192248
0.388007
0.429522
0.306222
0.483145
0.559808
0.152292
0.219990
0.995666
0.200440
0.345950
0.178577
0.142299
0.244598
0.227883
0.323214
0.350272
0.271673
0.115494
0.363434
0.335308
0.233743
0.447087
0.475863
0.172260
0.366133
0.322522
0.186476
0.388428
0.331681
0.462759
0.378807
0.410063
0.172413
0.248922
0.188344
0.432173
0.252722
0.477425
0.454363
0.641780
0.151181
0.308210
0.311683
0.357827
0.192021
0.144667
0.221640
0.179984
0.305851
0.469489
0.300863
0.280883
0.226431
0.255250
0.266077
0.205118
0.157180
0.219646
0.314889
0.364826
0.380718
0.286999
0.370202
0.215319
0.484675
0.322886
0.165254
0.653951
0.353910
0.188685
0.269989
0.337350
0.352956
0.416113
0.226248
0.403251
0.534076
0.195935
0.419340
0.255470
0.514819
0.384552
0.338896
0.458815
0.348833
0.436644
0.357687
0.454587
0.478768
0.560833
0.425785
0.272757
0.403163
0.139117
0.492820
0.894720
0.371639
0.731848
0.425601
0.401902
0.199238
0.328990
0.573125
0.436820
0.447216
0.200440
0.995666
0.228148
0.261890
0.465053
0.472676
0.291162
0.477830
0.534218
0.485452
0.409003
0.350840
0.213492
0.465137
0.355246
0.541315
0.551089
0.382032
0.424397
0.302639
0.563750
0.334068
0.318478
0.397009
0.295482
0.454142
0.556563
0.326733
0.306603
0.349347
0.424770
0.458026
0.238500
0.394057
0.077923
0.411826
0.373263
0.428491
0.414718
0.272162
0.449518
0.083071
0.379979
0.335520
0.028528
0.194510
0.389419
0.353526
0.456091
0.359927
0.322071
0.475065
0.372863
0.376978
0.442491
0.133500
0.382337
0.125821
0.334791
0.429210
0.115519
0.227908
0.368121
0.445555
0.307685
0.403926
0.218883
0.306568
0.294531
0.366080
0.338681
0.324166
0.527114
0.374894
0.325011
0.472103
0.121421
0.164503
0.116286
0.403738
0.273050
0.342904
0.094526
0.273959
0.377263
0.180364
0.288328
0.311430
0.199216
0.353753
0.176049
0.361961
0.331415
0.366282
0.224509
0.310396
0.095303
0.141350
0.345950
0.228148
0.995666
0.302491
0.174248
0.276720
0.393497
0.326227
0.228947
0.180421
0.186921
0.351342
0.217361
0.153960
0.359062
0.326348
0.193832
0.291298
0.369949
0.162940
0.354592
0.314999
0.280809
0.265947
0.363571
0.358361
0.289465
0.215132
0.358782
0.269507
0.359723
0.372607
0.345733
0.141479
0.217332
0.350268
0.360479
0.274418
0.181058
0.279338
0.240574
0.198960
0.362667
0.321818
0.151557
0.147749
0.350621
0.358566
0.311872
0.218351
0.236645
0.367429
0.261399
0.403679
0.284147
0.346926
0.161850
0.376540
0.135887
0.280138
0.377095
0.346287
0.084613
0.288086
0.422155
0.345422
0.346038
0.219215
0.414440
0.464099
0.403490
0.451451
0.425416
0.462741
0.267614
0.347652
0.339147
0.383917
0.357788
0.453118
0.292522
0.374589
0.360166
0.468221
0.406343
0.332902
0.265239
0.306960
0.342053
0.127217
0.303233
0.308929
0.233796
0.348417
0.420227
0.361193
0.301562
0.534741
0.178577
0.261890
0.302491
0.995666
0.212318
0.494256
0.400878
0.239834
0.278217
0.341442
0.326901
0.277511
0.396880
0.310479
0.457956
0.486551
0.285754
0.254767
0.339109
0.449927
0.370355
0.418853
0.481336
0.167721
0.321252
0.487399
0.378539
0.222378
0.446202
0.211424
0.504915
0.430371
0.119556
0.218521
0.393672
0.360817
0.319979
0.233489
0.508031
0.342755
0.278386
0.404791
0.297240
0.390612
0.261282
0.216277
0.268413
0.543148
0.221098
0.387620
0.362479
0.273756
0.386828
0.406944
0.464791
0.274983
0.492642
0.265745
0.300073
0.536042
0.241199
0.423134
0.204374
0.362040
0.414487
0.346194
0.410903
0.142648
0.366421
0.309828
0.182766
0.368400
0.132718
0.405625
0.366257
0.351091
0.521140
0.384773
0.488309
0.296358
0.551805
0.421312
0.459469
0.429765
0.330641
0.376670
0.125898
0.508089
0.367457
0.224074
0.503111
0.194212
0.221745
0.104963
0.437911
0.331566
0.427528
0.306150
0.142299
0.465053
0.174248
0.212318
0.995666
0.319431
0.187076
0.308829
0.460115
0.495780
0.367496
0.238888
0.386403
0.586267
0.437531
0.484634
0.407905
0.312764
0.379215
0.353894
0.405590
0.256266
0.391198
0.450566
0.245707
0.370264
0.518304
0.257544
0.293279
0.289829
0.450033
0.245719
0.153193
0.402053
0.247678
0.370812
0.395513
0.418788
0.341455
0.294355
0.503988
0.197382
0.211927
0.452346
0.113944
0.195464
0.414089
0.457221
0.422605
0.431500
0.519304
0.371244
0.482229
0.191678
0.329014
0.208772
0.460203
0.193223
0.340991
0.416677
0.107496
0.163386
0.398961
0.459877
0.406424
0.403322
0.490077
0.176159
0.502068
0.445150
0.276362
0.414500
0.370802
0.556509
0.422072
0.312801
0.307208
0.387605
0.443619
0.517419
0.301799
0.503845
0.412979
0.458063
0.345079
0.432534
0.293302
0.411688
0.483744
0.129002
0.502297
0.414980
0.259042
0.338628
0.407600
0.563077
0.312667
0.456090
0.244598
0.472676
0.276720
0.494256
0.319431
0.995666
0.450803
0.354958
0.478789
0.406894
0.375938
0.325849
0.330330
0.498243
0.531806
0.593552
0.403261
0.302005
0.399886
0.480489
0.496880
0.419937
0.448692
0.370873
0.234710
0.573013
0.581971
0.346931
0.433857
0.285949
0.532390
0.401679
0.273610
0.275422
0.255587
0.474521
0.480465
0.341398
0.340109
0.390919
0.378326
0.229269
0.377961
0.437769
0.272776
0.277478
0.286929
0.437431
0.419129
0.329553
0.332526
0.305496
0.386993
0.398799
0.491731
0.335486
0.434385
0.350320
0.422188
0.485293
0.191786
0.287508
0.388848
0.503790
0.307501
0.287951
0.356888
0.399505
0.398572
0.436243
0.395802
0.283131
0.378510
0.373365
0.193635
0.378855
0.304083
0.242214
0.262391
0.413608
0.341083
0.411617
0.174785
0.393620
0.334634
0.271036
0.368748
0.262114
0.238625
0.182426
0.250470
0.298058
0.267925
0.369884
0.363756
0.384489
0.127557
0.276072
0.227883
0.291162
0.393497
0.400878
0.187076
0.450803
0.995666
0.308794
0.259290
0.202845
0.228176
0.367866
0.328733
0.245046
0.417958
0.374124
0.336344
0.381121
0.379594
0.377289
0.421136
0.394329
0.408355
0.227570
0.375991
0.643891
0.406825
0.211791
0.423295
0.219364
0.420380
0.444566
0.230529
0.176570
0.291999
0.422006
0.418635
0.123510
0.211076
0.478912
0.373777
0.215507
0.248656
0.373700
0.180388
0.117484
0.248221
0.326029
0.313498
0.254933
0.189345
0.367673
0.173065
0.423753
0.340868
0.373933
0.496708
0.386797
0.216701
0.428262
0.304300
0.352586
0.103012
0.429255
0.566555
0.491472
0.281692
0.371004
0.480218
0.591818
0.351773
0.486969
0.379109
0.564342
0.609264
0.402346
0.446506
0.283591
0.400503
0.457251
0.634008
0.468426
0.388614
0.565836
0.426278
0.353047
0.249048
0.519712
0.420314
0.408676
0.433706
0.413309
0.505816
0.376736
0.452187
0.338078
0.357770
0.388035
0.323214
0.477830
0.326227
0.239834
0.308829
0.354958
0.308794
0.995666
0.501144
0.404824
0.306128
0.302153
0.367254
0.372109
0.506526
0.569279
0.426301
0.516413
0.436906
0.289425
0.583326
0.293401
0.475162
0.394393
0.487788
0.487885
0.510959
0.139693
0.429511
0.445788
0.586531
0.498681
0.468866
0.203379
0.149578
0.516260
0.459965
0.472397
0.406705
0.444362
0.371342
0.181543
0.463337
0.401330
0.118903
0.270011
0.411982
0.415010
0.457092
0.250433
0.285304
0.564784
0.523784
0.475778
0.545141
0.237510
0.284085
0.290196
0.371789
0.529774
0.251356
0.447253
0.283880
0.532954
0.507176
0.368029
0.371438
0.311948
0.479164
0.529908
0.350480
0.609314
0.354465
0.545790
0.470728
0.347041
0.420907
0.289298
0.486641
0.489830
0.627139
0.509494
0.551995
0.437834
0.347137
0.522682
0.284805
0.442426
0.548737
0.291050
0.555560
0.441402
0.444200
0.200495
0.489690
0.523897
0.403160
0.389160
0.350272
0.534218
0.228947
0.278217
0.460115
0.478789
0.259290
0.501144
0.995666
0.586518
0.460107
0.417635
0.460700
0.519405
0.508533
0.606306
0.374016
0.445787
0.457902
0.411235
0.669290
0.422804
0.408088
0.712707
0.355775
0.429044
0.533506
0.405805
0.408410
0.378064
0.589192
0.281913
0.371404
0.726474
0.282525
0.545190
0.476239
0.438623
0.318035
0.321605
0.544306
0.304893
0.512465
0.404270
0.204333
0.277331
0.338925
0.491017
0.476131
0.410233
0.438624
0.481471
0.477656
0.315066
0.540143
0.306655
0.523716
0.432263
0.469426
0.463823
0.152621
0.273314
0.512778
0.538836
0.597032
0.391499
0.330614
0.149782
0.528286
0.617411
0.220311
0.543977
0.284946
0.535923
0.621597
0.406284
0.559632
0.467891
0.571469
0.461268
0.606982
0.437895
0.518006
0.515927
0.292641
0.515014
0.338318
0.452488
0.479602
0.347768
0.609064
0.348481
0.300646
0.459883
0.585295
0.512153
0.456574
0.436602
0.271673
0.485452
0.180421
0.341442
0.495780
0.406894
0.202845
0.404824
0.586518
0.995666
0.354329
0.379770
0.396610
0.586492
0.584080
0.653196
0.533639
0.233047
0.428123
0.508974
0.523150
0.297827
0.536110
0.480759
0.203289
0.327871
0.563587
0.306341
0.395255
0.336278
0.581259
0.466237
0.223317
0.414322
0.271932
0.524642
0.565341
0.475090
0.525857
0.331822
0.527961
0.313166
0.530176
0.480666
0.162583
0.271454
0.411920
0.482339
0.458717
0.491701
0.511420
0.467199
0.634424
0.499264
0.490477
0.304721
0.321320
0.382211
0.354276
0.248302
0.267141
0.259327
0.366064
0.572852
0.397410
0.262545
0.397594
0.228969
0.346892
0.361398
0.356692
0.489621
0.267757
0.396424
0.315524
0.220655
0.390488
0.492531
0.590999
0.443162
0.424987
0.391263
0.240384
0.477476
0.185846
0.361523
0.099064
0.564234
0.367298
0.111835
0.421655
0.281429
0.359364
0.185683
0.281268
0.350716
0.384175
0.375373
0.115494
0.409003
0.186921
0.326901
0.367496
0.375938
0.228176
0.306128
0.460107
0.354329
0.995666
0.276430
0.417211
0.371706
0.454104
0.478873
0.349673
0.364745
0.354981
0.437557
0.440013
0.440003
0.399335
0.388020
0.166696
0.352590
0.423440
0.342666
0.308664
0.222529
0.452962
0.169772
0.135459
0.292724
0.199972
0.377214
0.305860
0.247330
0.286812
0.263687
0.646021
0.127362
0.371460
0.372424
0.158964
0.339157
0.169377
0.438940
0.456507
0.354674
0.350473
0.252428
0.333678
0.204003
0.428315
0.232159
0.240248
0.243691
0.411586
0.424944
0.085699
0.257354
0.229419
0.462105
0.421391
0.260221
0.228054
0.369480
0.423517
0.450745
0.365205
0.378509
0.351096
0.403090
0.415953
0.338319
0.299672
0.285936
0.272960
0.409474
0.418568
0.423418
0.242792
0.371169
0.296027
0.393018
0.324270
0.398039
0.335630
0.342223
0.397152
0.420221
0.365928
0.303143
0.425392
0.370960
0.245997
0.241330
0.363434
0.350840
0.351342
0.277511
0.238888
0.325849
0.367866
0.302153
0.417635
0.379770
0.276430
0.995666
0.461177
0.261762
0.445072
0.416788
0.292729
0.327689
0.377390
0.415950
0.429446
0.367326
0.447592
0.296834
0.382580
0.374245
0.372634
0.532719
0.571293
0.352084
0.424783
0.394403
0.392609
0.281195
0.336654
0.490627
0.372812
0.210767
0.262733
0.407427
0.338310
0.402836
0.437417
0.397047
0.186469
0.188805
0.335121
0.374813
0.374684
0.379454
0.392350
0.363134
0.353853
0.382631
0.396512
0.362895
0.289527
0.395180
0.344954
0.278185
0.386168
0.360043
0.225726
0.566457
0.536234
0.331334
0.358846
0.405889
0.643964
0.398181
0.371939
0.403286
0.348983
0.347980
0.401765
0.358635
0.425129
0.430553
0.411640
0.603796
0.491875
0.455845
0.443439
0.550311
0.406677
0.479636
0.416138
0.470667
0.296735
0.184816
0.499036
0.412175
0.426844
0.399573
0.707818
0.396275
0.431928
0.380137
0.335308
0.213492
0.217361
0.396880
0.386403
0.330330
0.328733
0.367254
0.460700
0.396610
0.417211
0.461177
0.995666
0.511919
0.793458
0.627906
0.364583
0.415269
0.430507
0.516933
0.454866
0.436938
0.752691
0.380876
0.385841
0.447970
0.464783
0.401741
0.509335
0.491283
0.766036
0.445967
0.382251
0.376325
0.462618
0.500499
0.454816
0.238221
0.242467
0.453210
0.363952
0.477879
0.411844
0.470074
0.403396
0.448597
0.282317
0.423416
0.376222
0.438796
0.486586
0.254034
0.479214
0.398821
0.558453
0.403849
0.415545
0.460680
0.498067
0.421489
0.311346
0.452010
0.314952
0.505043
0.488976
0.386193
0.409986
0.105158
0.564731
0.520878
0.141801
0.399362
0.194056
0.457621
0.442045
0.396059
0.466615
0.505908
0.520551
0.382797
0.499539
0.463926
0.565474
0.484561
0.311504
0.526355
0.229525
0.431618
0.463462
0.162885
0.601566
0.297594
0.240365
0.359879
0.529269
0.379627
0.529053
0.426114
0.233743
0.465137
0.153960
0.310479
0.586267
0.498243
0.245046
0.372109
0.519405
0.586492
0.371706
0.261762
0.511919
0.995666
0.521043
0.632059
0.413962
0.249749
0.365385
0.574615
0.486663
0.209175
0.447957
0.446271
0.134426
0.429333
0.502298
0.272970
0.361547
0.298832
0.587812
0.322068
0.223669
0.393586
0.352307
0.474949
0.495480
0.397207
0.401168
0.236931
0.530698
0.311586
0.379705
0.496823
0.199796
0.402531
0.395572
0.338245
0.439469
0.477121
0.501688
0.275242
0.558453
0.441029
0.481349
0.347921
0.384773
0.252734
0.453661
0.326853
0.098356
0.230392
0.460797
0.506091
0.602226
0.443993
0.433283
0.341446
0.792859
0.532941
0.436092
0.531237
0.396869
0.497500
0.576680
0.399949
0.500309
0.513342
0.475445
0.761026
0.564139
0.513234
0.523834
0.808213
0.435666
0.507421
0.460182
0.529277
0.437316
0.283712
0.531773
0.480576
0.436714
0.443924
0.856497
0.532846
0.499724
0.479851
0.447087
0.355246
0.359062
0.457956
0.437531
0.531806
0.417958
0.506526
0.508533
0.584080
0.454104
0.445072
0.793458
0.521043
0.995666
0.810558
0.446530
0.507332
0.463442
0.522037
0.524106
0.471132
0.794964
0.437690
0.451709
0.519171
0.532780
0.416397
0.690353
0.409892
0.782176
0.515235
0.405842
0.305696
0.434212
0.521872
0.518245
0.375618
0.491177
0.489295
0.456262
0.465834
0.512754
0.610179
0.396400
0.586258
0.329587
0.526359
0.466104
0.499990
0.502115
0.363089
0.553011
0.486652
0.555313
0.477512
0.483086
0.495061
0.594559
0.454019
0.444741
0.492690
0.384598
0.528505
0.566880
0.490186
0.468887
0.222453
0.770247
0.602572
0.396391
0.728751
0.420027
0.552145
0.632538
0.418168
0.517733
0.534703
0.537552
0.662930
0.603977
0.550918
0.635794
0.667077
0.483097
0.710696
0.480255
0.548741
0.565749
0.326303
0.607423
0.616488
0.519566
0.469887
0.685695
0.614811
0.522884
0.567319
0.475863
0.541315
0.326348
0.486551
0.484634
0.593552
0.374124
0.569279
0.606306
0.653196
0.478873
0.416788
0.627906
0.632059
0.810558
0.995666
0.532311
0.517999
0.479693
0.559179
0.703009
0.473906
0.667680
0.521247
0.372105
0.503306
0.581543
0.445778
0.679794
0.379450
0.813378
0.512663
0.408480
0.418101
0.443522
0.551770
0.535071
0.411018
0.501542
0.363751
0.531414
0.471915
0.492969
0.673909
0.401409
0.495484
0.346726
0.670492
0.564477
0.678065
0.551615
0.519089
0.590739
0.508728
0.642347
0.511617
0.425626
0.480019
0.620137
0.467715
0.431279
0.417741
0.494508
0.568545
0.307999
0.402086
0.745354
0.321122
0.459678
0.481099
0.145073
0.370276
0.311376
0.488920
0.385722
0.421579
0.458830
0.414545
0.395082
0.463706
0.415722
0.736633
0.492948
0.459824
0.287300
0.486336
0.287838
0.489996
0.678501
0.318401
0.702895
0.375278
0.381626
0.409819
0.452508
0.501875
0.448245
0.343332
0.172260
0.551089
0.193832
0.285754
0.407905
0.403261
0.336344
0.426301
0.374016
0.533639
0.349673
0.292729
0.364583
0.413962
0.446530
0.532311
0.995666
0.469225
0.427489
0.374670
0.494783
0.281472
0.421153
0.372316
0.202569
0.470549
0.787199
0.157176
0.354389
0.408767
0.453952
0.462991
0.233199
0.225962
0.180680
0.372851
0.502035
0.303312
0.273753
0.356158
0.383707
0.150683
0.316939
0.313357
0.190585
0.265553
0.288087
0.373823
0.333821
0.348221
0.361174
0.389117
0.300983
0.382436
0.484441
0.209455
0.257310
0.189510
0.530485
0.398167
0.215562
0.267857
0.245010
0.450101
0.401938
0.392716
0.426009
0.405730
0.525516
0.465163
0.368046
0.429347
0.378412
0.438389
0.342108
0.386635
0.450473
0.392077
0.306747
0.514291
0.514953
0.427944
0.453083
0.487631
0.370042
0.370395
0.362325
0.441247
0.360755
0.471547
0.391452
0.401626
0.480703
0.349555
0.425397
0.455194
0.371031
0.354490
0.366133
0.382032
0.291298
0.254767
0.312764
0.302005
0.381121
0.516413
0.445787
0.233047
0.364745
0.327689
0.415269
0.249749
0.507332
0.517999
0.469225
0.995666
0.626216
0.208390
0.631056
0.396129
0.470499
0.364896
0.420434
0.436178
0.448390
0.218571
0.412735
0.394399
0.489969
0.375301
0.403141
0.260797
0.266593
0.418170
0.427067
0.275916
0.282281
0.394805
0.387774
0.215549
0.400836
0.366392
0.157002
0.182373
0.294086
0.405411
0.398376
0.331649
0.299271
0.479591
0.269663
0.322327
0.446801
0.283359
0.301567
0.300322
0.385928
0.459889
0.344968
0.398112
0.191324
0.435008
0.418540
0.425941
0.419237
0.413835
0.486129
0.425630
0.316197
0.429213
0.383379
0.642034
0.454766
0.407286
0.459024
0.368870
0.378178
0.479323
0.459209
0.475397
0.422975
0.443667
0.328675
0.396898
0.323797
0.433755
0.427865
0.724645
0.436012
0.371850
0.595454
0.466327
0.471346
0.435941
0.393680
0.344803
0.322522
0.424397
0.369949
0.339109
0.379215
0.399886
0.379594
0.436906
0.457902
0.428123
0.354981
0.377390
0.430507
0.365385
0.463442
0.479693
0.427489
0.626216
0.995666
0.337698
0.585916
0.422836
0.451529
0.391812
0.394879
0.412745
0.439935
0.352759
0.408730
0.454139
0.490516
0.446176
0.413315
0.389810
0.302149
0.415367
0.494922
0.394074
0.283122
0.460012
0.413826
0.236311
0.423645
0.417909
0.104990
0.211503
0.423693
0.398642
0.477590
0.400318
0.431866
0.519136
0.436081
0.435577
0.620133
0.290600
0.275665
0.353185
0.376727
0.409249
0.391959
0.452353
0.180459
0.456636
0.476751
0.230396
0.414829
0.272683
0.437433
0.558270
0.260548
0.416960
0.357889
0.448516
0.294713
0.419970
0.338855
0.626701
0.378224
0.382234
0.384030
0.483705
0.477378
0.415530
0.270737
0.447219
0.489893
0.419535
0.375702
0.108584
0.514138
0.426331
0.289349
0.360151
0.492189
0.351360
0.447058
0.399392
0.186476
0.302639
0.162940
0.449927
0.353894
0.480489
0.377289
0.289425
0.411235
0.508974
0.437557
0.415950
0.516933
0.574615
0.522037
0.559179
0.374670
0.208390
0.337698
0.995666
0.392528
0.401392
0.394384
0.245009
0.246598
0.445692
0.495000
0.381490
0.444805
0.275846
0.474829
0.408976
0.214672
0.302631
0.389621
0.527688
0.461249
0.128620
0.434959
0.357597
0.390522
0.406254
0.377205
0.459291
0.205169
0.389118
0.198506
0.386416
0.392993
0.476255
0.505043
0.244739
0.358714
0.430151
0.511881
0.429068
0.411374
0.450564
0.466071
0.430874
0.205955
0.426348
0.362705
0.480276
0.428352
0.465604
0.445845
0.440778
0.593376
0.577941
0.423955
0.489974
0.414065
0.722296
0.501359
0.431204
0.490057
0.448452
0.479180
0.492143
0.535410
0.660835
0.501204
0.567153
0.408866
0.515413
0.407951
0.537609
0.495366
0.452728
0.554735
0.397197
0.469266
0.403307
0.513427
0.539021
0.451603
0.434588
0.388428
0.563750
0.354592
0.370355
0.405590
0.496880
0.421136
0.583326
0.669290
0.523150
0.440013
0.429446
0.454866
0.486663
0.524106
0.703009
0.494783
0.631056
0.585916
0.392528
0.995666
0.488555
0.563932
0.447994
0.501692
0.522904
0.565243
0.395159
0.500920
0.452216
0.566747
0.472269
0.419642
0.456334
0.334993
0.604751
0.499128
0.407415
0.353687
0.472954
0.485896
0.390056
0.568434
0.497578
0.228757
0.260234
0.379144
0.477455
0.545841
0.456057
0.429588
0.575105
0.402127
0.449558
0.539523
0.426797
0.308054
0.454678
0.444334
0.524490
0.364693
0.466119
0.311819
0.694774
0.388561
0.310730
0.357871
0.454351
0.471184
0.448347
0.560686
0.377990
0.436363
0.505459
0.285134
0.309416
0.427024
0.512544
0.322755
0.516064
0.455548
0.428484
0.194002
0.503396
0.453966
0.442205
0.392399
0.430751
0.255071
0.233476
0.426529
0.371551
0.362022
0.334578
0.479343
0.434739
0.255449
0.459766
0.331681
0.334068
0.314999
0.418853
0.256266
0.419937
0.394329
0.293401
0.422804
0.297827
0.440003
0.367326
0.436938
0.209175
0.471132
0.473906
0.281472
0.396129
0.422836
0.401392
0.488555
0.995666
0.567194
0.252059
0.489315
0.454582
0.442682
0.371970
0.488180
0.328843
0.529271
0.459311
0.265763
0.218806
0.413203
0.448648
0.486706
0.146643
0.295284
0.469439
0.462847
0.324373
0.390637
0.390197
0.276911
0.389265
0.175744
0.415207
0.461881
0.352785
0.342883
0.362008
0.257334
0.383584
0.349776
0.413904
0.393347
0.429344
0.423928
0.445972
0.330578
0.498342
0.250476
0.495058
0.557116
0.412730
0.357935
0.422518
0.761775
0.502354
0.463595
0.411466
0.384786
0.453261
0.457352
0.393093
0.573402
0.496972
0.503503
0.747731
0.572545
0.504162
0.397801
0.838293
0.511226
0.482156
0.376637
0.522545
0.351637
0.285520
0.473712
0.354306
0.403757
0.444687
0.818256
0.556287
0.387858
0.521481
0.462759
0.318478
0.280809
0.481336
0.391198
0.448692
0.408355
0.475162
0.408088
0.536110
0.399335
0.447592
0.752691
0.447957
0.794964
0.667680
0.421153
0.470499
0.451529
0.394384
0.563932
0.567194
0.995666
0.318589
0.486910
0.434078
0.528343
0.336879
0.716935
0.495945
0.905604
0.572913
0.433547
0.264215
0.475306
0.517708
0.478931
0.323368
0.425032
0.536273
0.412962
0.422397
0.492020
0.470210
0.370360
0.413938
0.352554
0.473517
0.435355
0.427952
0.474946
0.394598
0.503966
0.472195
0.442629
0.371633
0.413536
0.489831
0.481120
0.479111
0.433603
0.498106
0.224515
0.534785
0.301912
0.359575
0.366748
0.127325
0.390886
0.276043
0.187530
0.415844
0.191081
0.424460
0.411896
0.287842
0.335320
0.218827
0.478019
0.380879
0.484743
0.413210
0.354805
0.364700
0.270314
0.351482
0.216471
0.363522
0.401730
0.212592
0.349663
0.307855
0.241763
0.150678
0.347438
0.508496
0.353683
0.280440
0.378807
0.397009
0.265947
0.167721
0.450566
0.370873
0.227570
0.394393
0.712707
0.480759
0.388020
0.296834
0.380876
0.446271
0.437690
0.521247
0.372316
0.364896
0.391812
0.245009
0.447994
0.252059
0.318589
0.995666
0.177137
0.323484
0.418877
0.204675
0.339439
0.320345
0.441590
0.146127
0.330698
0.501526
0.210455
0.348281
0.405077
0.422282
0.241908
0.183684
0.468366
0.332055
0.345602
0.309935
0.301841
0.259729
0.373875
0.354109
0.241845
0.203197
0.316101
0.280658
0.426569
0.398155
0.345026
0.271150
0.431339
0.305015
0.447931
0.384949
0.121392
0.242461
0.376303
0.415275
0.335713
0.312745
0.174156
0.516115
0.475532
0.404151
0.462610
0.260126
0.424490
0.473838
0.316130
0.282169
0.299724
0.182730
0.124058
0.440801
0.470614
0.365764
0.177891
0.465151
0.454764
0.245920
0.406721
0.422928
0.210672
0.389170
0.189867
0.338467
0.425261
0.226819
0.453537
0.387821
0.191963
0.317279
0.410063
0.295482
0.363571
0.321252
0.245707
0.234710
0.375991
0.487788
0.355775
0.203289
0.166696
0.382580
0.385841
0.134426
0.451709
0.372105
0.202569
0.420434
0.394879
0.246598
0.501692
0.489315
0.486910
0.177137
0.995666
0.481778
0.331540
0.266457
0.487366
0.360429
0.495653
0.524366
0.433442
0.163012
0.292032
0.496926
0.474141
0.114115
0.269088
0.415365
0.192347
0.327726
0.421978
0.381494
0.138629
0.147934
0.236547
0.415145
0.433510
0.214869
0.299646
0.470212
0.225153
0.295713
0.301740
0.442050
0.341416
0.439612
0.196627
0.463055
0.413482
0.582691
0.107131
0.428416
0.437258
0.388176
0.438697
0.489382
0.519656
0.525007
0.391843
0.373069
0.444616
0.495600
0.357301
0.418017
0.342543
0.371325
0.370793
0.423896
0.445402
0.611596
0.341740
0.512712
0.368922
0.419891
0.407751
0.455385
0.423932
0.246119
0.473404
0.416357
0.427667
0.417225
0.462002
0.429172
0.297951
0.368223
0.172413
0.454142
0.358361
0.487399
0.370264
0.573013
0.643891
0.487885
0.429044
0.327871
0.352590
0.374245
0.447970
0.429333
0.519171
0.503306
0.470549
0.436178
0.412745
0.445692
0.522904
0.454582
0.434078
0.323484
0.481778
0.995666
0.503937
0.249757
0.490411
0.470452
0.505626
0.513792
0.316116
0.318484
0.383268
0.537812
0.620773
0.250944
0.352730
0.537771
0.410395
0.242145
0.321846
0.385790
0.207334
0.196882
0.351293
0.465144
0.403488
0.411806
0.343408
0.440020
0.347543
0.398413
0.481799
0.341176
0.487048
0.371923
0.406611
0.531605
0.199858
0.476790
0.322795
0.491093
0.457635
0.410788
0.765864
0.324509
0.497434
0.562828
0.327673
0.427278
0.411679
0.578574
0.376228
0.590039
0.511708
0.461519
0.447265
0.477756
0.451394
0.817263
0.527060
0.589088
0.406972
0.504774
0.369449
0.491580
0.493419
0.251560
0.563121
0.398286
0.369165
0.421364
0.573512
0.544874
0.434746
0.441278
0.248922
0.556563
0.289465
0.378539
0.518304
0.581971
0.406825
0.510959
0.533506
0.563587
0.423440
0.372634
0.464783
0.502298
0.532780
0.581543
0.787199
0.448390
0.439935
0.495000
0.565243
0.442682
0.528343
0.418877
0.331540
0.503937
0.995666
0.241867
0.470671
0.465123
0.508206
0.446654
0.287449
0.387023
0.307914
0.507014
0.582787
0.319406
0.469299
0.521492
0.438959
0.233347
0.438952
0.425190
0.303426
0.344783
0.315376
0.469834
0.509052
0.448177
0.483630
0.472796
0.366485
0.434946
0.498773
0.418833
0.395950
0.458978
0.506081
0.493563
0.232116
0.335615
0.414687
0.647918
0.350069
0.176544
0.115831
0.217449
0.307443
0.353495
0.247606
0.462276
0.313812
0.377665
0.345631
0.202926
0.186708
0.317357
0.237427
0.315579
0.310003
0.350760
0.304661
0.284136
0.177765
0.354283
0.269202
0.413087
0.286163
0.202169
0.326249
0.364890
0.343645
0.148654
0.354196
0.223357
0.267986
0.249315
0.188344
0.326733
0.215132
0.222378
0.257544
0.346931
0.211791
0.139693
0.405805
0.306341
0.342666
0.532719
0.401741
0.272970
0.416397
0.445778
0.157176
0.218571
0.352759
0.381490
0.395159
0.371970
0.336879
0.204675
0.266457
0.249757
0.241867
0.995666
0.399820
0.328647
0.406369
0.277336
0.310725
0.324825
0.213121
0.419673
0.252868
0.124416
0.224886
0.184557
0.363904
0.245472
0.322694
0.433283
0.073658
0.152771
0.232008
0.385451
0.413792
0.447328
0.455088
0.267149
0.382215
0.200610
0.383927
0.279703
0.256651
0.309647
0.286665
0.221189
0.209722
0.227531
0.248587
0.392726
0.471761
0.378152
0.322108
0.388940
0.597530
0.529607
0.443765
0.480294
0.399923
0.502379
0.462340
0.407427
0.470028
0.399115
0.330451
0.653987
0.526193
0.453004
0.335552
0.763219
0.531722
0.436991
0.409121
0.422249
0.326922
0.365020
0.354462
0.411267
0.413014
0.395409
0.752226
0.459651
0.361540
0.429430
0.432173
0.306603
0.358782
0.446202
0.293279
0.433857
0.423295
0.429511
0.408410
0.395255
0.308664
0.571293
0.509335
0.361547
0.690353
0.679794
0.354389
0.412735
0.408730
0.444805
0.500920
0.488180
0.716935
0.339439
0.487366
0.490411
0.470671
0.399820
0.995666
0.351797
0.669812
0.531423
0.438382
0.239050
0.481257
0.510936
0.447153
0.237024
0.447374
0.491981
0.376386
0.471957
0.457229
0.483327
0.369760
0.332613
0.310804
0.467344
0.438292
0.505813
0.475042
0.473814
0.502340
0.557747
0.473684
0.428530
0.391203
0.454242
0.438392
0.405109
0.408496
0.497791
0.319572
0.507701
0.368843
0.273419
0.272835
0.421557
0.509729
0.388618
0.201266
0.226312
0.379457
0.525656
0.309997
0.358661
0.307082
0.261254
0.334628
0.336477
0.334225
0.457211
0.346098
0.450255
0.321179
0.357290
0.327704
0.531437
0.305681
0.305344
0.421066
0.355156
0.460458
0.269080
0.590820
0.295400
0.225159
0.181601
0.252722
0.349347
0.269507
0.211424
0.289829
0.285949
0.219364
0.445788
0.378064
0.336278
0.222529
0.352084
0.491283
0.298832
0.409892
0.379450
0.408767
0.394399
0.454139
0.275846
0.452216
0.328843
0.495945
0.320345
0.360429
0.470452
0.465123
0.328647
0.351797
0.995666
0.511251
0.474969
0.466566
0.363941
0.406084
0.439235
0.419218
0.354805
0.207646
0.450984
0.185619
0.226842
0.314227
0.425772
0.191916
0.203190
0.421127
0.267220
0.418389
0.341579
0.455512
0.377744
0.397974
0.263789
0.465683
0.219598
0.316659
0.372624
0.408153
0.417525
0.233359
0.453713
0.141965
0.500420
0.607033
0.481654
0.440249
0.414788
0.898628
0.590386
0.503111
0.560270
0.439424
0.543325
0.578072
0.421887
0.553099
0.501709
0.510964
0.891187
0.643623
0.519329
0.533555
0.821930
0.523284
0.530633
0.441154
0.548040
0.446988
0.354952
0.534595
0.462742
0.524601
0.500680
0.809799
0.593312
0.484426
0.549214
0.477425
0.424770
0.359723
0.504915
0.450033
0.532390
0.420380
0.586531
0.589192
0.581259
0.452962
0.424783
0.766036
0.587812
0.782176
0.813378
0.453952
0.489969
0.490516
0.474829
0.566747
0.529271
0.905604
0.441590
0.495653
0.505626
0.508206
0.406369
0.669812
0.511251
0.995666
0.608325
0.458853
0.343002
0.493654
0.524630
0.505916
0.457622
0.490420
0.534146
0.489726
0.482165
0.492970
0.474046
0.403780
0.464813
0.463357
0.512916
0.478377
0.454732
0.466322
0.478426
0.626193
0.489736
0.615711
0.421412
0.447022
0.524888
0.548180
0.558365
0.440083
0.499489
0.400467
0.577611
0.356504
0.373273
0.235043
0.465722
0.584064
0.574128
0.472430
0.314808
0.501395
0.562423
0.473842
0.407436
0.368056
0.356635
0.194564
0.637613
0.397191
0.445717
0.346045
0.523309
0.519490
0.343844
0.456199
0.472824
0.374603
0.403623
0.455633
0.443432
0.505875
0.487128
0.589758
0.602669
0.234353
0.492219
0.454363
0.458026
0.372607
0.430371
0.245719
0.401679
0.444566
0.498681
0.281913
0.466237
0.169772
0.394403
0.445967
0.322068
0.515235
0.512663
0.462991
0.375301
0.446176
0.408976
0.472269
0.459311
0.572913
0.146127
0.524366
0.513792
0.446654
0.277336
0.531423
0.474969
0.608325
0.995666
0.476476
0.156148
0.357849
0.554500
0.466031
0.194970
0.447880
0.498618
0.267348
0.273882
0.456870
0.393477
0.179018
0.236416
0.382169
0.366463
0.470054
0.343939
0.356580
0.578564
0.396308
0.511784
0.528939
0.342863
0.321559
0.532305
0.311741
0.481836
0.395865
0.632804
0.132836
0.522393
0.323451
0.287235
0.159999
0.412194
0.468985
0.371648
0.375545
0.263730
0.407917
0.432340
0.437162
0.282715
0.219495
0.200104
0.133009
0.443944
0.323469
0.335547
0.195146
0.333465
0.298036
0.242003
0.306213
0.429925
0.225748
0.412498
0.224340
0.357268
0.574424
0.292147
0.437015
0.394533
0.153783
0.115834
0.641780
0.238500
0.345733
0.119556
0.153193
0.273610
0.230529
0.468866
0.371404
0.223317
0.135459
0.392609
0.382251
0.223669
0.405842
0.408480
0.233199
0.403141
0.413315
0.214672
0.419642
0.265763
0.433547
0.330698
0.433442
0.316116
0.287449
0.310725
0.438382
0.466566
0.458853
0.476476
0.995666
0.160693
0.247232
0.472601
0.386209
0.249374
0.130220
0.383486
0.177073
0.154496
0.486030
0.444821
0.142205
0.146577
0.352164
0.200764
0.434980
0.170144
0.277777
0.435194
0.395427
0.432258
0.397132
0.227460
0.125946
0.472867
0.263061
0.229095
0.478318
0.473707
0.105036
0.399875
0.336453
0.237064
0.227176
0.155434
0.261095
0.297681
0.096058
0.311604
0.155399
0.371411
0.193054
0.207118
0.347888
0.186466
0.395939
0.152166
0.438546
0.409922
0.403398
0.226366
0.214582
0.353802
0.199768
0.216439
0.373835
0.209800
0.372193
0.230454
0.216860
0.114189
0.343661
0.265798
0.365595
0.270466
0.151181
0.394057
0.141479
0.218521
0.402053
0.275422
0.176570
0.203379
0.726474
0.414322
0.292724
0.281195
0.376325
0.393586
0.305696
0.418101
0.225962
0.260797
0.389810
0.302631
0.456334
0.218806
0.264215
0.501526
0.163012
0.318484
0.387023
0.324825
0.239050
0.363941
0.343002
0.156148
0.160693
0.995666
0.234662
0.418444
0.312496
0.314864
0.217629
0.164848
0.378815
0.261758
0.264684
0.313845
0.100774
0.141650
0.314095
0.307187
0.303363
0.298725
0.356239
0.302367
0.358992
0.215617
0.329059
0.144618
0.429244
0.182880
0.299102
0.290593
0.045736
0.189279
0.328465
0.434811
0.326607
0.156085
0.170428
0.282918
0.568334
0.373254
0.254350
0.190999
0.380008
0.337945
0.191942
0.302235
0.195273
0.399757
0.199730
0.446736
0.290486
0.353932
0.128937
0.375065
0.328790
0.403696
0.412969
0.275702
0.149775
0.101845
0.379944
0.241711
0.213421
0.354686
0.522120
0.241021
0.206779
0.176120
0.308210
0.077923
0.217332
0.393672
0.247678
0.255587
0.291999
0.149578
0.282525
0.271932
0.199972
0.336654
0.462618
0.352307
0.434212
0.443522
0.180680
0.266593
0.302149
0.389621
0.334993
0.413203
0.475306
0.210455
0.292032
0.383268
0.307914
0.213121
0.481257
0.406084
0.493654
0.357849
0.247232
0.234662
0.995666
0.343297
0.453076
0.163241
0.150395
0.275722
0.224749
0.666083
0.274807
0.326954
0.473439
0.356694
0.288294
0.325094
0.234213
0.279287
0.321038
0.154173
0.335036
0.384251
0.336275
0.368197
0.270299
0.408545
0.406781
0.256700
0.266031
0.455716
0.200448
0.444647
0.538458
0.416868
0.333810
0.422763
0.460065
0.592296
0.413341
0.517288
0.489949
0.573352
0.464689
0.482911
0.380306
0.367491
0.440719
0.432528
0.564618
0.462311
0.372596
0.456585
0.411411
0.475927
0.417317
0.496070
0.346618
0.335543
0.502415
0.427343
0.466521
0.373328
0.515801
0.449101
0.328637
0.443892
0.311683
0.411826
0.350268
0.360817
0.370812
0.474521
0.422006
0.516260
0.545190
0.524642
0.377214
0.490627
0.500499
0.474949
0.521872
0.551770
0.372851
0.418170
0.415367
0.527688
0.604751
0.448648
0.517708
0.348281
0.496926
0.537812
0.507014
0.419673
0.510936
0.439235
0.524630
0.554500
0.472601
0.418444
0.343297
0.995666
0.475773
0.273268
0.410587
0.518058
0.498528
0.316964
0.565230
0.501177
0.200098
0.225811
0.292008
0.509396
0.636050
0.463325
0.484281
0.506084
0.496834
0.419699
0.651573
0.434636
0.419679
0.508093
0.361081
0.522335
0.279599
0.408573
0.370486
0.770238
0.425751
0.339788
0.486653
0.412155
0.524257
0.456355
0.379585
0.317794
0.406758
0.544844
0.436252
0.447910
0.440327
0.382351
0.417898
0.506355
0.456623
0.537134
0.292633
0.505232
0.394150
0.459553
0.498752
0.395228
0.387421
0.371315
0.491373
0.380461
0.359621
0.435534
0.546050
0.451442
0.338255
0.251223
0.357827
0.373263
0.360479
0.319979
0.395513
0.480465
0.418635
0.459965
0.476239
0.565341
0.305860
0.372812
0.454816
0.495480
0.518245
0.535071
0.502035
0.427067
0.494922
0.461249
0.499128
0.486706
0.478931
0.405077
0.474141
0.620773
0.582787
0.252868
0.447153
0.419218
0.505916
0.466031
0.386209
0.312496
0.453076
0.475773
0.995666
0.315523
0.268205
0.507855
0.436717
0.368801
0.381760
0.467440
0.328029
0.346757
0.376467
0.411819
0.502905
0.438349
0.471546
0.430217
0.351619
0.483847
0.424628
0.504203
0.395727
0.500251
0.499856
0.441913
0.385810
0.473375
0.336073
0.631119
0.453811
0.382013
0.310989
0.151923
0.413050
0.331855
0.165112
0.368450
0.182479
0.422293
0.454264
0.330799
0.308472
0.191120
0.437853
0.244964
0.447666
0.268280
0.340333
0.285415
0.225673
0.330591
0.107850
0.384629
0.420624
0.262387
0.410453
0.293099
0.299386
0.241751
0.244345
0.322497
0.306832
0.257624
0.192021
0.428491
0.274418
0.233489
0.418788
0.341398
0.123510
0.472397
0.438623
0.475090
0.247330
0.210767
0.238221
0.397207
0.375618
0.411018
0.303312
0.275916
0.394074
0.128620
0.407415
0.146643
0.323368
0.422282
0.114115
0.250944
0.319406
0.124416
0.237024
0.354805
0.457622
0.194970
0.249374
0.314864
0.163241
0.273268
0.315523
0.995666
0.261409
0.161052
0.366971
0.175388
0.379201
0.332561
0.115010
0.243095
0.705707
0.363719
0.272980
0.232901
0.312649
0.357277
0.606988
0.381561
0.368394
0.107144
0.255027
0.149915
0.327213
0.296471
0.113197
0.193716
0.357303
0.354779
0.461760
0.308778
0.249580
0.122369
0.262570
0.591278
0.231329
0.430979
0.269598
0.412460
0.378679
0.360707
0.417443
0.400910
0.418405
0.333863
0.444585
0.473436
0.492586
0.454658
0.408977
0.197989
0.192794
0.357738
0.369020
0.196451
0.274447
0.371200
0.179625
0.323707
0.430247
0.284652
0.339262
0.694625
0.144667
0.414718
0.181058
0.508031
0.341455
0.340109
0.211076
0.406705
0.318035
0.525857
0.286812
0.262733
0.242467
0.401168
0.491177
0.501542
0.273753
0.282281
0.283122
0.434959
0.353687
0.295284
0.425032
0.241908
0.269088
0.352730
0.469299
0.224886
0.447374
0.207646
0.490420
0.447880
0.130220
0.217629
0.150395
0.410587
0.268205
0.261409
0.995666
0.300896
0.301697
0.192884
0.392553
0.386260
0.080919
0.179096
0.286939
0.506095
0.274334
0.436019
0.366970
0.471206
0.507022
0.311526
0.337194
0.143901
0.409118
0.187766
0.300113
0.469619
0.152528
0.228231
0.359665
0.353884
0.441708
0.252388
0.342002
0.434526
0.463914
0.539193
0.422654
0.215480
0.380211
0.505511
0.286891
0.350792
0.431448
0.251657
0.400929
0.486130
0.485982
0.462697
0.239346
0.592675
0.274058
0.388221
0.341540
0.437159
0.197660
0.266940
0.370050
0.257789
0.396998
0.340702
0.509551
0.332522
0.161794
0.315918
0.221640
0.272162
0.279338
0.342755
0.294355
0.390919
0.478912
0.444362
0.321605
0.331822
0.263687
0.407427
0.453210
0.236931
0.489295
0.363751
0.356158
0.394805
0.460012
0.357597
0.472954
0.469439
0.536273
0.183684
0.415365
0.537771
0.521492
0.184557
0.491981
0.450984
0.534146
0.498618
0.383486
0.164848
0.275722
0.518058
0.507855
0.161052
0.300896
0.995666
0.421916
0.130765
0.392338
0.390510
0.100451
0.127176
0.218436
0.340759
0.464927
0.284801
0.303935
0.456825
0.253359
0.355598
0.435931
0.319353
0.352937
0.468366
0.320282
0.452473
0.349072
0.421299
0.096680
0.465284
0.440638
0.361274
0.400536
0.292819
0.350254
0.451244
0.372057
0.503667
0.241927
0.404272
0.476125
0.360254
0.543866
0.440801
0.645262
0.436873
0.514086
0.399387
0.278447
0.509991
0.218732
0.358654
0.156801
0.485015
0.336087
0.213633
0.514151
0.249734
0.318099
0.263282
0.354215
0.416609
0.328636
0.355524
0.179984
0.449518
0.240574
0.278386
0.503988
0.378326
0.373777
0.371342
0.544306
0.527961
0.646021
0.338310
0.363952
0.530698
0.456262
0.531414
0.383707
0.387774
0.413826
0.390522
0.485896
0.462847
0.412962
0.468366
0.192347
0.410395
0.438959
0.363904
0.376386
0.185619
0.489726
0.267348
0.177073
0.378815
0.224749
0.498528
0.436717
0.366971
0.301697
0.421916
0.995666
0.136166
0.409515
0.444524
0.131414
0.180602
0.277441
0.442987
0.542273
0.445422
0.462267
0.477713
0.456623
0.347203
0.436127
0.379652
0.260539
0.360905
0.343731
0.349813
0.156350
0.198361
0.315382
0.606249
0.318612
0.230520
0.169931
0.148450
0.520046
0.348248
0.217275
0.245770
0.275341
0.290021
0.293014
0.241423
0.154330
0.335327
0.167893
0.409593
0.335715
0.303916
0.238414
0.351555
0.346046
0.430912
0.448450
0.262800
0.149488
0.108379
0.271872
0.291089
0.181869
0.350832
0.476473
0.253053
0.283755
0.260213
0.305851
0.083071
0.198960
0.404791
0.197382
0.229269
0.215507
0.181543
0.304893
0.313166
0.127362
0.402836
0.477879
0.311586
0.465834
0.471915
0.150683
0.215549
0.236311
0.406254
0.390056
0.324373
0.422397
0.332055
0.327726
0.242145
0.233347
0.245472
0.471957
0.226842
0.482165
0.273882
0.154496
0.261758
0.666083
0.316964
0.368801
0.175388
0.192884
0.130765
0.136166
0.995666
0.259054
0.344266
0.523561
0.392140
0.250433
0.303774
0.173979
0.307046
0.345685
0.183439
0.338817
0.419527
0.262281
0.394624
0.302935
0.407488
0.433589
0.232932
0.337040
0.436972
0.224620
0.326384
0.541648
0.368392
0.243630
0.288925
0.486384
0.486481
0.425623
0.460098
0.399745
0.504667
0.477124
0.370830
0.422027
0.327001
0.389603
0.467959
0.512730
0.417244
0.293810
0.506814
0.389854
0.381420
0.368670
0.500606
0.331282
0.390183
0.451456
0.422564
0.442450
0.372112
0.475191
0.451731
0.299779
0.345263
0.469489
0.379979
0.362667
0.297240
0.211927
0.377961
0.248656
0.463337
0.512465
0.530176
0.371460
0.437417
0.411844
0.379705
0.512754
0.492969
0.316939
0.400836
0.423645
0.377205
0.568434
0.390637
0.492020
0.345602
0.421978
0.321846
0.438952
0.322694
0.457229
0.314227
0.492970
0.456870
0.486030
0.264684
0.274807
0.565230
0.381760
0.379201
0.392553
0.392338
0.409515
0.259054
0.995666
0.388055
0.181867
0.261814
0.334975
0.473686
0.464636
0.334524
0.315842
0.498028
0.453709
0.379433
0.497812
0.361565
0.213962
0.469315
0.333370
0.340718
0.416317
0.443543
0.294282
0.429737
0.470697
0.373545
0.332385
0.347878
0.441056
0.439968
0.339385
0.503536
0.373021
0.407664
0.484351
0.407005
0.427552
0.444610
0.420028
0.434526
0.443817
0.385687
0.429191
0.458740
0.379276
0.419840
0.379836
0.403944
0.298571
0.384401
0.435526
0.363484
0.417567
0.368025
0.541231
0.324265
0.429251
0.317732
0.300863
0.335520
0.321818
0.390612
0.452346
0.437769
0.373700
0.401330
0.404270
0.480666
0.372424
0.397047
0.470074
0.496823
0.610179
0.673909
0.313357
0.366392
0.417909
0.459291
0.497578
0.390197
0.470210
0.309935
0.381494
0.385790
0.425190
0.433283
0.483327
0.425772
0.474046
0.393477
0.444821
0.313845
0.326954
0.501177
0.467440
0.332561
0.386260
0.390510
0.444524
0.344266
0.388055
0.995666
0.248040
0.319724
0.338360
0.481100
0.616969
0.727001
0.754273
0.403560
0.442066
0.415952
0.444332
0.452851
0.381506
0.436608
0.405820
0.318132
0.364798
0.349437
0.319342
0.587813
0.188516
0.164220
0.179917
0.108012
0.400695
0.122498
0.188153
0.122831
0.217348
0.122062
0.152908
0.215787
0.107286
0.221660
0.235392
0.388863
0.137039
0.249334
0.042873
0.298161
0.330927
0.376748
0.316273
0.185314
0.084858
0.017977
0.184700
0.157093
0.099551
0.352499
0.393161
0.294697
0.189253
0.157270
0.280883
0.028528
0.151557
0.261282
0.113944
0.272776
0.180388
0.118903
0.204333
0.162583
0.158964
0.186469
0.403396
0.199796
0.396400
0.401409
0.190585
0.157002
0.104990
0.205169
0.228757
0.276911
0.370360
0.301841
0.138629
0.207334
0.303426
0.073658
0.369760
0.191916
0.403780
0.179018
0.142205
0.100774
0.473439
0.200098
0.328029
0.115010
0.080919
0.100451
0.131414
0.523561
0.181867
0.248040
0.995666
0.371885
0.107966
0.196195
0.064946
0.122923
0.165801
0.056548
0.230082
0.329533
0.161113
0.319615
0.148158
0.316119
0.385529
0.207363
0.162678
0.239071
0.269790
0.238020
0.354082
0.321296
0.312300
0.094596
0.456268
0.199066
0.237053
0.327744
0.274711
0.230111
0.359295
0.235179
0.178237
0.467742
0.282105
0.448544
0.263785
0.283368
0.265386
0.387812
0.337257
0.652527
0.348280
0.368106
0.331586
0.061188
0.449704
0.446592
0.187135
0.370227
0.410054
0.369077
0.380214
0.226107
0.226431
0.194510
0.147749
0.216277
0.195464
0.277478
0.117484
0.270011
0.277331
0.271454
0.339157
0.188805
0.448597
0.402531
0.586258
0.495484
0.265553
0.182373
0.211503
0.389118
0.260234
0.389265
0.413938
0.259729
0.147934
0.196882
0.344783
0.152771
0.332613
0.203190
0.464813
0.236416
0.146577
0.141650
0.356694
0.225811
0.346757
0.243095
0.179096
0.127176
0.180602
0.392140
0.261814
0.319724
0.371885
0.995666
0.160931
0.331113
0.144710
0.278855
0.356718
0.077750
0.399934
0.357631
0.285788
0.330412
0.248285
0.322046
0.674699
0.215513
0.192211
0.257760
0.507400
0.299287
0.391014
0.342585
0.252854
0.236082
0.434467
0.425305
0.184291
0.318241
0.294820
0.428314
0.409202
0.395550
0.329427
0.186640
0.335702
0.256778
0.390741
0.323893
0.237304
0.322416
0.315455
0.302752
0.171209
0.426799
0.357263
0.395209
0.398812
0.289394
0.352790
0.306837
0.375685
0.274830
0.206363
0.181521
0.255250
0.389419
0.350621
0.268413
0.414089
0.286929
0.248221
0.411982
0.338925
0.411920
0.169377
0.335121
0.282317
0.395572
0.329587
0.346726
0.288087
0.294086
0.423693
0.198506
0.379144
0.175744
0.352554
0.373875
0.236547
0.351293
0.315376
0.232008
0.310804
0.421127
0.463357
0.382169
0.352164
0.314095
0.288294
0.292008
0.376467
0.705707
0.286939
0.218436
0.277441
0.250433
0.334975
0.338360
0.107966
0.160931
0.995666
0.268547
0.351865
0.310662
0.319949
0.411283
0.436933
0.412525
0.366956
0.141164
0.221570
0.242618
0.236828
0.313721
0.248452
0.339782
0.211803
0.384659
0.525285
0.525540
0.392944
0.256826
0.374720
0.494005
0.383324
0.651685
0.383762
0.475684
0.449228
0.390017
0.421007
0.420799
0.421945
0.457171
0.460548
0.455561
0.397931
0.469161
0.384986
0.445186
0.281365
0.472831
0.362667
0.320067
0.381473
0.418376
0.365714
0.365030
0.445498
0.385097
0.405356
0.448021
0.266077
0.353526
0.358566
0.543148
0.457221
0.437431
0.326029
0.415010
0.491017
0.482339
0.438940
0.374813
0.423416
0.338245
0.526359
0.670492
0.373823
0.405411
0.398642
0.386416
0.477455
0.415207
0.473517
0.354109
0.415145
0.465144
0.469834
0.385451
0.467344
0.267220
0.512916
0.366463
0.200764
0.307187
0.325094
0.509396
0.411819
0.363719
0.506095
0.340759
0.442987
0.303774
0.473686
0.481100
0.196195
0.331113
0.268547
0.995666
0.484655
0.486816
0.545350
0.466177
0.457849
0.367257
0.481566
0.395997
0.436789
0.423526
0.379598
0.483153
0.306718
0.298459
0.428395
0.446229
0.448138
0.334206
0.362332
0.407893
0.419125
0.525986
0.348206
0.509630
0.375652
0.627075
0.484000
0.399311
0.398033
0.500266
0.418910
0.339736
0.462568
0.442500
0.309245
0.469155
0.322691
0.413831
0.245163
0.560837
0.334626
0.398645
0.502850
0.385840
0.481338
0.280420
0.485914
0.305340
0.302605
0.249520
0.205118
0.456091
0.311872
0.221098
0.422605
0.419129
0.313498
0.457092
0.476131
0.458717
0.456507
0.374684
0.376222
0.439469
0.466104
0.564477
0.333821
0.398376
0.477590
0.392993
0.545841
0.461881
0.435355
0.241845
0.433510
0.403488
0.509052
0.413792
0.438292
0.418389
0.478377
0.470054
0.434980
0.303363
0.234213
0.636050
0.502905
0.272980
0.274334
0.464927
0.542273
0.173979
0.464636
0.616969
0.064946
0.144710
0.351865
0.484655
0.995666
0.499418
0.471133
0.678321
0.384944
0.289500
0.523261
0.429090
0.200249
0.440546
0.286151
0.367359
0.273959
0.376035
0.163321
0.629965
0.459283
0.356902
0.391239
0.180256
0.350426
0.481963
0.220610
0.515688
0.344735
0.433010
0.432574
0.389327
0.341056
0.437877
0.411015
0.303585
0.378556
0.426851
0.502103
0.352348
0.366216
0.448782
0.354369
0.410974
0.384732
0.227294
0.449863
0.408918
0.374469
0.358486
0.471697
0.223398
0.444743
0.365333
0.157180
0.359927
0.218351
0.387620
0.431500
0.329553
0.254933
0.250433
0.410233
0.491701
0.354674
0.379454
0.438796
0.477121
0.499990
0.678065
0.348221
0.331649
0.400318
0.476255
0.456057
0.352785
0.427952
0.203197
0.214869
0.411806
0.448177
0.447328
0.505813
0.341579
0.454732
0.343939
0.170144
0.298725
0.279287
0.463325
0.438349
0.232901
0.436019
0.284801
0.445422
0.307046
0.334524
0.727001
0.122923
0.278855
0.310662
0.486816
0.499418
0.995666
0.760916
0.393307
0.461732
0.354778
0.460188
0.401082
0.359859
0.366946
0.413288
0.356998
0.176630
0.225287
0.405913
0.445413
0.490046
0.359747
0.350338
0.247145
0.411502
0.440330
0.202998
0.501342
0.349634
0.416156
0.465377
0.377926
0.377035
0.428425
0.417208
0.380944
0.468460
0.434069
0.536394
0.383821
0.334635
0.448772
0.301750
0.466443
0.382238
0.291249
0.491408
0.363407
0.387296
0.335251
0.493643
0.303115
0.456944
0.279292
0.219646
0.322071
0.236645
0.362479
0.519304
0.332526
0.189345
0.285304
0.438624
0.511420
0.350473
0.392350
0.486586
0.501688
0.502115
0.551615
0.361174
0.299271
0.431866
0.505043
0.429588
0.342883
0.474946
0.316101
0.299646
0.343408
0.483630
0.455088
0.475042
0.455512
0.466322
0.356580
0.277777
0.356239
0.321038
0.484281
0.471546
0.312649
0.366970
0.303935
0.462267
0.345685
0.315842
0.754273
0.165801
0.356718
0.319949
0.545350
0.471133
0.760916
0.995666
0.341821
0.511902
0.351856
0.451154
0.377225
0.376211
0.418197
0.424482
0.241321
0.235817
0.270289
0.389172
0.442291
0.453670
0.411383
0.249360
0.411737
0.374948
0.569827
0.379745
0.523041
0.426937
0.592775
0.513686
0.414463
0.514213
0.262720
0.276738
0.389462
0.525955
0.443479
0.381223
0.493776
0.397127
0.225895
0.216552
0.552641
0.377573
0.609705
0.334632
0.394610
0.542856
0.349492
0.404359
0.366200
0.200570
0.370949
0.314889
0.475065
0.367429
0.273756
0.371244
0.305496
0.367673
0.564784
0.481471
0.467199
0.252428
0.363134
0.254034
0.275242
0.363089
0.519089
0.389117
0.479591
0.519136
0.244739
0.575105
0.362008
0.394598
0.280658
0.470212
0.440020
0.472796
0.267149
0.473814
0.377744
0.478426
0.578564
0.435194
0.302367
0.154173
0.506084
0.430217
0.357277
0.471206
0.456825
0.477713
0.183439
0.498028
0.403560
0.056548
0.077750
0.411283
0.466177
0.678321
0.393307
0.341821
0.995666
0.383226
0.367089
0.498617
0.269248
0.211741
0.400434
0.186579
0.408110
0.388903
0.461853
0.170347
0.492887
0.656979
0.396373
0.265109
0.153249
0.570098
0.546584
0.262964
0.594315
0.309169
0.509708
0.647104
0.364068
0.426387
0.384799
0.502234
0.479077
0.619439
0.348862
0.502672
0.443307
0.383368
0.487194
0.294922
0.472255
0.427438
0.288764
0.480947
0.450792
0.455985
0.405701
0.531601
0.379665
0.476002
0.501324
0.364826
0.372863
0.261399
0.386828
0.482229
0.386993
0.173065
0.523784
0.477656
0.634424
0.333678
0.353853
0.479214
0.558453
0.553011
0.590739
0.300983
0.269663
0.436081
0.358714
0.402127
0.257334
0.503966
0.426569
0.225153
0.347543
0.366485
0.382215
0.502340
0.397974
0.626193
0.396308
0.395427
0.358992
0.335036
0.496834
0.351619
0.606988
0.507022
0.253359
0.456623
0.338817
0.453709
0.442066
0.230082
0.399934
0.436933
0.457849
0.384944
0.461732
0.511902
0.383226
0.995666
0.454932
0.573613
0.227065
0.383280
0.271478
0.515514
0.353232
0.243853
0.319562
0.510301
0.483711
0.415384
0.447072
0.277567
0.267799
0.452146
0.606958
0.474440
0.439163
0.508354
0.505171
0.495638
0.525151
0.350471
0.343427
0.368473
0.514484
0.396072
0.367185
0.274550
0.431319
0.450485
0.437662
0.394111
0.294016
0.407799
0.393695
0.451950
0.439037
0.327371
0.679528
0.432260
0.466714
0.352979
0.361743
0.380718
0.376978
0.403679
0.406944
0.191678
0.398799
0.423753
0.475778
0.315066
0.499264
0.204003
0.382631
0.398821
0.441029
0.486652
0.508728
0.382436
0.322327
0.435577
0.430151
0.449558
0.383584
0.472195
0.398155
0.295713
0.398413
0.434946
0.200610
0.557747
0.263789
0.489736
0.511784
0.432258
0.215617
0.384251
0.419699
0.483847
0.381561
0.311526
0.355598
0.347203
0.419527
0.379433
0.415952
0.329533
0.357631
0.412525
0.367257
0.289500
0.354778
0.351856
0.367089
0.454932
0.995666
0.454344
0.383308
0.221803
0.438099
0.384680
0.304347
0.415144
0.509914
0.247021
0.399035
0.552410
0.413753
0.416377
0.315721
0.552291
0.534677
0.351914
0.618138
0.442843
0.704244
0.588662
0.411265
0.307576
0.471426
0.436298
0.503173
0.509600
0.452065
0.543292
0.474314
0.397908
0.514722
0.384427
0.521997
0.456311
0.348444
0.556538
0.446301
0.592455
0.455534
0.523564
0.432082
0.492906
0.488287
0.286999
0.442491
0.284147
0.464791
0.329014
0.491731
0.340868
0.545141
0.540143
0.490477
0.428315
0.396512
0.558453
0.481349
0.555313
0.642347
0.484441
0.446801
0.620133
0.511881
0.539523
0.349776
0.442629
0.345026
0.301740
0.481799
0.498773
0.383927
0.473684
0.465683
0.615711
0.528939
0.397132
0.329059
0.336275
0.651573
0.424628
0.368394
0.337194
0.435931
0.436127
0.262281
0.497812
0.444332
0.161113
0.285788
0.366956
0.481566
0.523261
0.460188
0.451154
0.498617
0.573613
0.454344
0.995666
0.306929
0.314604
0.339508
0.555426
0.489076
0.256895
0.405882
0.415178
0.554406
0.329217
0.348280
0.342634
0.242321
0.449433
0.290196
0.314792
0.303646
0.365713
0.411577
0.269543
0.351500
0.208033
0.290122
0.198587
0.445940
0.337927
0.361909
0.198685
0.347677
0.387288
0.398689
0.642530
0.299409
0.119881
0.176970
0.262118
0.351375
0.232750
0.371728
0.413980
0.353993
0.200508
0.208947
0.370202
0.133500
0.346926
0.274983
0.208772
0.335486
0.373933
0.237510
0.306655
0.304721
0.232159
0.362895
0.403849
0.347921
0.477512
0.511617
0.209455
0.283359
0.290600
0.429068
0.426797
0.413904
0.371633
0.271150
0.442050
0.341176
0.418833
0.279703
0.428530
0.219598
0.421412
0.342863
0.227460
0.144618
0.368197
0.434636
0.504203
0.107144
0.143901
0.319353
0.379652
0.394624
0.361565
0.452851
0.319615
0.330412
0.141164
0.395997
0.429090
0.401082
0.377225
0.269248
0.227065
0.383308
0.306929
0.995666
0.301502
0.665195
0.377287
0.316219
0.349727
0.405786
0.324385
0.404618
0.332598
0.248762
0.289582
0.188830
0.369537
0.302251
0.172944
0.358997
0.231660
0.339523
0.240027
0.309947
0.277805
0.296507
0.356175
0.306708
0.403320
0.396318
0.425322
0.375346
0.404041
0.294582
0.326113
0.208526
0.298701
0.095239
0.293539
0.378064
0.213038
0.140078
0.481666
0.422653
0.348971
0.440059
0.215319
0.382337
0.161850
0.492642
0.460203
0.434385
0.496708
0.284085
0.523716
0.321320
0.240248
0.289527
0.415545
0.384773
0.483086
0.425626
0.257310
0.301567
0.275665
0.411374
0.308054
0.393347
0.413536
0.431339
0.341416
0.487048
0.395950
0.256651
0.391203
0.316659
0.447022
0.321559
0.125946
0.429244
0.270299
0.419679
0.395727
0.255027
0.409118
0.352937
0.260539
0.302935
0.213962
0.381506
0.148158
0.248285
0.221570
0.436789
0.200249
0.359859
0.376211
0.211741
0.383280
0.221803
0.314604
0.301502
0.995666
0.224933
0.392016
0.504093
0.076759
0.182379
0.446869
0.400385
0.404103
0.323729
0.240280
0.434754
0.470558
0.407971
0.490729
0.415611
0.470784
0.483023
0.356333
0.383751
0.258463
0.288202
0.179045
0.508449
0.363245
0.382155
0.184078
0.476612
0.402225
0.332460
0.687693
0.423870
0.129367
0.285891
0.261664
0.395519
0.429377
0.389255
0.510656
0.418730
0.147215
0.181125
0.484675
0.125821
0.376540
0.265745
0.193223
0.350320
0.386797
0.290196
0.432263
0.382211
0.243691
0.395180
0.460680
0.252734
0.495061
0.480019
0.189510
0.300322
0.353185
0.450564
0.454678
0.429344
0.489831
0.305015
0.439612
0.371923
0.458978
0.309647
0.454242
0.372624
0.524888
0.532305
0.472867
0.182880
0.408545
0.508093
0.500251
0.149915
0.187766
0.468366
0.360905
0.407488
0.469315
0.436608
0.316119
0.322046
0.242618
0.423526
0.440546
0.366946
0.418197
0.400434
0.271478
0.438099
0.339508
0.665195
0.224933
0.995666
0.337574
0.344091
0.469092
0.497497
0.156075
0.483678
0.434053
0.306606
0.442078
0.202370
0.553853
0.391520
0.291692
0.475153
0.289112
0.426641
0.512062
0.334716
0.241437
0.488162
0.418644
0.498441
0.402685
0.441640
0.476582
0.512853
0.351170
0.612231
0.429440
0.495646
0.480741
0.162133
0.517287
0.468860
0.274623
0.366631
0.584650
0.445475
0.464665
0.392566
0.322886
0.334791
0.135887
0.300073
0.340991
0.422188
0.216701
0.371789
0.469426
0.354276
0.411586
0.344954
0.498067
0.453661
0.594559
0.620137
0.530485
0.385928
0.376727
0.466071
0.444334
0.423928
0.481120
0.447931
0.196627
0.406611
0.506081
0.286665
0.438392
0.408153
0.548180
0.311741
0.263061
0.299102
0.406781
0.361081
0.499856
0.327213
0.300113
0.320282
0.343731
0.433589
0.333370
0.405820
0.385529
0.674699
0.236828
0.379598
0.286151
0.413288
0.424482
0.186579
0.515514
0.384680
0.555426
0.377287
0.392016
0.337574
0.995666
0.397809
0.211652
0.319165
0.558232
0.440624
0.290145
0.377429
0.408888
0.323391
0.444413
0.500351
0.411187
0.392295
0.353418
0.521009
0.208906
0.398444
0.394154
0.398824
0.454073
0.502322
0.489123
0.577220
0.351613
0.497418
0.440664
0.344692
0.299924
0.470434
0.328194
0.152689
0.323875
0.385050
0.346805
0.239007
0.449405
0.504232
0.298222
0.496924
0.165254
0.429210
0.280138
0.536042
0.416677
0.485293
0.428262
0.529774
0.463823
0.248302
0.424944
0.278185
0.421489
0.326853
0.454019
0.467715
0.398167
0.459889
0.409249
0.430874
0.524490
0.445972
0.479111
0.384949
0.463055
0.531605
0.493563
0.221189
0.405109
0.417525
0.558365
0.481836
0.229095
0.290593
0.256700
0.522335
0.441913
0.296471
0.469619
0.452473
0.349813
0.232932
0.340718
0.318132
0.207363
0.215513
0.313721
0.483153
0.367359
0.356998
0.241321
0.408110
0.353232
0.304347
0.489076
0.316219
0.504093
0.344091
0.397809
0.995666
0.112785
0.417367
0.367743
0.519839
0.298256
0.278902
0.107798
0.362473
0.456838
0.383964
0.381647
0.265210
0.417964
0.362558
0.426726
0.347002
0.201792
0.137236
0.073092
0.463066
0.244954
0.219870
0.122051
0.434722
0.328977
0.198945
0.404113
0.419719
0.162068
0.432078
0.147737
0.404379
0.402784
0.392744
0.427488
0.366651
0.075803
0.137606
0.653951
0.115519
0.377095
0.241199
0.107496
0.191786
0.304300
0.251356
0.152621
0.267141
0.085699
0.386168
0.311346
0.098356
0.444741
0.431279
0.215562
0.344968
0.391959
0.205955
0.364693
0.330578
0.433603
0.121392
0.413482
0.199858
0.232116
0.209722
0.408496
0.233359
0.440083
0.395865
0.478318
0.045736
0.266031
0.279599
0.385810
0.113197
0.152528
0.349072
0.156350
0.337040
0.416317
0.364798
0.162678
0.192211
0.248452
0.306718
0.273959
0.176630
0.235817
0.388903
0.243853
0.415144
0.256895
0.349727
0.076759
0.469092
0.211652
0.112785
0.995666
0.398387
0.050991
0.245765
0.416256
0.274276
0.203028
0.515180
0.520087
0.499223
0.509687
0.232191
0.420275
0.510476
0.394534
0.261557
0.325017
0.394937
0.110405
0.473457
0.411279
0.380912
0.200925
0.489570
0.357599
0.314089
0.490150
0.442562
0.317741
0.348218
0.347238
0.393841
0.463444
0.441007
0.531139
0.371643
0.243297
0.303810
0.353910
0.227908
0.346287
0.423134
0.163386
0.287508
0.352586
0.447253
0.273314
0.259327
0.257354
0.360043
0.452010
0.230392
0.492690
0.417741
0.267857
0.398112
0.452353
0.426348
0.466119
0.498342
0.498106
0.242461
0.582691
0.476790
0.335615
0.227531
0.497791
0.453713
0.499489
0.632804
0.473707
0.189279
0.455716
0.408573
0.473375
0.193716
0.228231
0.421299
0.198361
0.436972
0.443543
0.349437
0.239071
0.257760
0.339782
0.298459
0.376035
0.225287
0.270289
0.461853
0.319562
0.509914
0.405882
0.405786
0.182379
0.497497
0.319165
0.417367
0.398387
0.995666
0.087400
0.428882
0.383175
0.308381
0.337977
0.027762
0.346860
0.369425
0.158248
0.456178
0.192461
0.356586
0.364581
0.316934
0.152558
0.254327
0.294497
0.240282
0.397597
0.381969
0.421415
0.195142
0.337204
0.613242
0.274234
0.270039
0.415851
0.061601
0.406041
0.416916
0.098008
0.206328
0.341119
0.382965
0.398242
0.328047
0.188685
0.368121
0.084613
0.204374
0.398961
0.388848
0.103012
0.283880
0.512778
0.366064
0.229419
0.225726
0.314952
0.460797
0.384598
0.494508
0.245010
0.191324
0.180459
0.362705
0.311819
0.250476
0.224515
0.376303
0.107131
0.322795
0.414687
0.248587
0.319572
0.141965
0.400467
0.132836
0.105036
0.328465
0.200448
0.370486
0.336073
0.357303
0.359665
0.096680
0.315382
0.224620
0.294282
0.319342
0.269790
0.507400
0.211803
0.428395
0.163321
0.405913
0.389172
0.170347
0.510301
0.247021
0.415178
0.324385
0.446869
0.156075
0.558232
0.367743
0.050991
0.087400
0.995666
0.358242
0.517487
0.420884
0.398540
0.431750
0.538803
0.526450
0.367158
0.464175
0.438112
0.601028
0.479458
0.398960
0.477180
0.468300
0.477364
0.520096
0.545568
0.473255
0.403987
0.547681
0.324249
0.465770
0.420504
0.458705
0.426288
0.324420
0.635560
0.394210
0.503648
0.407842
0.574425
0.495577
0.405026
0.408869
0.269989
0.445555
0.288086
0.362040
0.459877
0.503790
0.429255
0.532954
0.538836
0.572852
0.462105
0.566457
0.505043
0.506091
0.528505
0.568545
0.450101
0.435008
0.456636
0.480276
0.694774
0.495058
0.534785
0.415275
0.428416
0.491093
0.647918
0.392726
0.507701
0.500420
0.577611
0.522393
0.399875
0.434811
0.444647
0.770238
0.631119
0.354779
0.353884
0.465284
0.606249
0.326384
0.429737
0.587813
0.238020
0.299287
0.384659
0.446229
0.629965
0.445413
0.442291
0.492887
0.483711
0.399035
0.554406
0.404618
0.400385
0.483678
0.440624
0.519839
0.245765
0.428882
0.358242
0.995666
