0.082251
0.002942
0.003882
0.008200
0.033627
0.043261
0.015572
0.025290
0.006441
0.011736
0.017501
0.003747
0.010509
0.018468
0.007523
0.032063
0.072501
0.006036
0.026273
0.024590
0.016673
0.027257
0.013788
0.017777
0.014062
0.005362
0.018607
0.006576
0.018607
0.006171
0.035340
0.025711
0.008336
0.009014
0.006441
0.017225
0.001469
0.026273
0.020964
0.008065
0.008200
0.044277
0.048072
0.040799
0.007794
0.013103
0.033058
0.018745
0.047925
0.041522
0.005497
0.006982
0.007794
0.021520
0.013925
0.017639
0.032347
0.009421
0.034340
0.040799
0.006711
0.013788
0.017915
0.025010
0.039789
0.018330
0.011463
0.021520
0.007523
0.037058
0.011600
0.012009
0.022774
0.034625
0.010918
0.008878
0.051009
0.031637
0.003479
0.009965
0.012009
0.039789
0.012282
0.010237
0.021103
0.014748
0.060370
0.006576
0.027257
0.008336
0.022634
0.009014
0.015847
0.032631
0.002942
0.017363
0.009285
0.016949
0.002942
0.082251
0.001603
0.001469
0.005092
0.003344
0.002138
0.002808
0.004689
0.006441
0.002406
0.011600
0.003613
0.005362
0.005497
0.005497
0.003613
0.002674
0.002272
0.009014
0.003344
0.002406
0.001469
0.002004
0.010918
0.002808
0.008336
0.004150
0.001870
0.005092
0.004285
0.007388
0.004689
0.002138
0.003747
0.011054
0.009421
0.000667
0.003210
0.005766
0.004554
0.004554
0.002004
0.003210
0.009693
0.002004
0.004419
0.006036
0.006982
0.003076
0.003344
0.004419
0.003613
0.001603
0.006847
0.003882
0.006036
0.008878
0.002004
0.002138
0.005092
0.008742
0.003210
0.002406
0.005497
0.002138
0.002674
0.002674
0.002138
0.003479
0.003344
0.001603
0.001201
0.002540
0.005497
0.000667
0.001335
0.001469
0.000934
0.003344
0.001870
0.000801
0.005632
0.002004
0.001335
0.002674
0.001870
0.017363
0.001870
0.001870
0.002674
0.004016
0.001870
0.002406
0.000801
0.001201
0.002138
0.008607
0.003882
0.001603
0.082251
0.004419
0.007388
0.005632
0.004823
0.002540
0.004554
0.012009
0.005497
0.002942
0.006306
0.004419
0.003076
0.005227
0.004419
0.079758
0.009285
0.007658
0.013103
0.008607
0.012556
0.005362
0.011736
0.003747
0.010645
0.002272
0.006711
0.001736
0.007117
0.010645
0.011191
0.006576
0.007929
0.006306
0.001068
0.002138
0.009965
0.012146
0.001469
0.009829
0.007523
0.009965
0.002406
0.002406
0.002674
0.005632
0.008336
0.008336
0.056041
0.007117
0.002138
0.006576
0.008607
0.004016
0.009421
0.010645
0.004823
0.004419
0.055892
0.004958
0.003613
0.007794
0.007388
0.005766
0.010101
0.002942
0.002272
0.002540
0.009285
0.005766
0.005362
0.006847
0.001335
0.002540
0.003479
0.003076
0.005632
0.004285
0.005901
0.003747
0.004150
0.002674
0.005632
0.003747
0.004958
0.005901
0.003076
0.010509
0.006441
0.015710
0.007117
0.005632
0.002272
0.008065
0.006306
0.002406
0.008200
0.001469
0.004419
0.082251
0.015847
0.010645
0.033912
0.003747
0.009557
0.005632
0.007523
0.001469
0.008607
0.005497
0.002808
0.009285
0.009150
0.004554
0.003344
0.011191
0.019022
0.006576
0.008471
0.007117
0.002406
0.002674
0.004823
0.001736
0.003076
0.002004
0.021103
0.004016
0.005766
0.006711
0.001736
0.003210
0.000801
0.017087
0.008878
0.006441
0.004016
0.011736
0.009150
0.006982
0.003344
0.003344
0.006982
0.003479
0.009829
0.005632
0.003344
0.003613
0.003747
0.009965
0.006576
0.025431
0.023053
0.003882
0.040366
0.025431
0.002674
0.004285
0.005497
0.004823
0.026835
0.010509
0.003747
0.002004
0.012419
0.015297
0.009285
0.006847
0.008878
0.011463
0.003210
0.007388
0.007252
0.004285
0.004150
0.004016
0.012829
0.012009
0.006171
0.002808
0.002138
0.004554
0.008742
0.005092
0.006171
0.003882
0.015160
0.008471
0.006847
0.017087
0.002406
0.021103
0.003076
0.006036
0.033627
0.005092
0.007388
0.015847
0.082251
0.025571
0.025851
0.019437
0.012692
0.019714
0.031921
0.007658
0.045151
0.026554
0.013925
0.078981
0.055743
0.013377
0.023472
0.059023
0.041956
0.018607
0.012966
0.036914
0.012556
0.018053
0.018607
0.013514
0.021242
0.012146
0.080692
0.029513
0.014336
0.020964
0.014885
0.012419
0.002406
0.025851
0.050126
0.017639
0.010645
0.030078
0.020964
0.025290
0.011191
0.008742
0.057082
0.036341
0.079292
0.057530
0.010918
0.031353
0.032916
0.019299
0.017915
0.033200
0.081159
0.010782
0.047779
0.056933
0.012829
0.020547
0.055892
0.016673
0.081315
0.039501
0.015297
0.005766
0.052927
0.027257
0.028101
0.006576
0.017501
0.039789
0.018468
0.024590
0.026132
0.021938
0.010918
0.022356
0.008336
0.028101
0.022077
0.016536
0.016122
0.022913
0.045588
0.009693
0.043987
0.018330
0.039213
0.011600
0.021103
0.045879
0.008065
0.027257
0.010645
0.033343
0.043261
0.003344
0.005632
0.010645
0.025571
0.082251
0.043551
0.030786
0.028242
0.043261
0.039357
0.008742
0.015847
0.019992
0.014062
0.034197
0.045005
0.011463
0.046025
0.029795
0.053815
0.046025
0.032916
0.056338
0.026413
0.006982
0.046171
0.033912
0.016536
0.023611
0.048365
0.039069
0.029089
0.038781
0.010918
0.038925
0.000667
0.039501
0.032773
0.034625
0.009829
0.059023
0.055446
0.079447
0.010509
0.008607
0.015435
0.022634
0.030928
0.054704
0.012009
0.006711
0.006982
0.056636
0.038637
0.029089
0.024450
0.013377
0.035769
0.031353
0.018053
0.024870
0.016949
0.025150
0.032916
0.045588
0.011054
0.016122
0.006171
0.047779
0.026273
0.011600
0.057381
0.059921
0.013788
0.020131
0.051156
0.029230
0.004554
0.016260
0.018330
0.032489
0.053519
0.022216
0.029230
0.052632
0.053667
0.046463
0.034483
0.037058
0.029371
0.036771
0.042391
0.052779
0.003344
0.032916
0.031070
0.020686
0.015572
0.002138
0.004823
0.033912
0.025851
0.043551
0.082251
0.021798
0.018468
0.018607
0.030786
0.004150
0.032489
0.032205
0.007388
0.036341
0.012556
0.010237
0.010101
0.027538
0.057530
0.031353
0.021242
0.019299
0.010782
0.007388
0.017225
0.018330
0.005901
0.011600
0.041811
0.034340
0.013240
0.032916
0.010645
0.015572
0.000934
0.021938
0.018053
0.026554
0.004419
0.017225
0.039213
0.029371
0.006036
0.005092
0.019160
0.017087
0.029089
0.036198
0.014199
0.005901
0.004689
0.019299
0.016811
0.052632
0.031353
0.013377
0.029937
0.020547
0.017777
0.019299
0.009557
0.005227
0.043406
0.049685
0.023891
0.007252
0.012419
0.025992
0.019160
0.004554
0.011191
0.029089
0.005632
0.009421
0.025150
0.022077
0.004689
0.038781
0.005632
0.012966
0.028101
0.011463
0.009557
0.015847
0.034768
0.026554
0.025992
0.023611
0.023332
0.034055
0.051009
0.036628
0.002674
0.052779
0.021103
0.010373
0.025290
0.002808
0.002540
0.003747
0.019437
0.030786
0.021798
0.082251
0.010101
0.050714
0.056189
0.002942
0.009421
0.037488
0.019299
0.022913
0.017915
0.009829
0.036484
0.020686
0.020825
0.012829
0.006847
0.020686
0.014885
0.004554
0.015435
0.014199
0.042680
0.007658
0.031070
0.046171
0.033770
0.039069
0.016673
0.018330
0.001201
0.031070
0.014062
0.041233
0.008471
0.024730
0.042535
0.039069
0.025431
0.005632
0.011191
0.019160
0.028101
0.044714
0.014062
0.004958
0.006036
0.018883
0.028383
0.008200
0.016398
0.030644
0.010782
0.018883
0.015297
0.055892
0.015160
0.011327
0.019992
0.038062
0.017639
0.005766
0.010373
0.047340
0.005497
0.002540
0.024170
0.012282
0.015297
0.022913
0.025711
0.023891
0.008065
0.010373
0.001335
0.022077
0.054407
0.031211
0.028101
0.042391
0.057977
0.012966
0.079447
0.019160
0.017915
0.010373
0.039933
0.028524
0.003479
0.016811
0.028807
0.024450
0.006441
0.004689
0.004554
0.009557
0.012692
0.028242
0.018468
0.010101
0.082251
0.055001
0.013788
0.008878
0.008065
0.004150
0.010645
0.014336
0.007929
0.007929
0.002674
0.015710
0.013650
0.010782
0.009014
0.015572
0.005766
0.003882
0.009693
0.004958
0.009014
0.021659
0.013514
0.015985
0.005766
0.008878
0.004958
0.006036
0.001870
0.011191
0.009285
0.022495
0.004958
0.017915
0.034911
0.028383
0.011463
0.003747
0.007252
0.006576
0.011191
0.013377
0.005901
0.002942
0.007794
0.013650
0.011327
0.011873
0.012009
0.012829
0.019714
0.011600
0.013377
0.009693
0.006711
0.003747
0.013925
0.019022
0.008471
0.015022
0.006576
0.027116
0.016398
0.009557
0.006441
0.019160
0.002674
0.011054
0.023891
0.004150
0.003613
0.006847
0.010509
0.006036
0.021520
0.001335
0.001603
0.015710
0.016536
0.019160
0.016949
0.016673
0.006711
0.021242
0.008336
0.028524
0.006036
0.006982
0.010237
0.019992
0.011736
0.006441
0.012009
0.005632
0.019714
0.043261
0.018607
0.050714
0.055001
0.082251
0.055743
0.009557
0.012009
0.032631
0.025711
0.014473
0.014610
0.038350
0.022495
0.018468
0.033485
0.019299
0.029654
0.027257
0.017087
0.006982
0.023751
0.015710
0.027538
0.028383
0.025010
0.045588
0.048365
0.041811
0.020964
0.020408
0.002272
0.024310
0.020964
0.053815
0.004823
0.033627
0.039357
0.046317
0.034768
0.004419
0.006847
0.013514
0.017501
0.040655
0.039789
0.005497
0.012829
0.026413
0.032489
0.012146
0.015435
0.041522
0.013788
0.017777
0.047486
0.044859
0.013377
0.012692
0.017915
0.048804
0.021520
0.009557
0.010918
0.036914
0.019576
0.008336
0.022077
0.024870
0.005901
0.030503
0.028948
0.014199
0.011463
0.011736
0.007523
0.012966
0.049245
0.010509
0.012146
0.046171
0.035912
0.030786
0.050126
0.048658
0.012419
0.028524
0.045005
0.046901
0.009285
0.033770
0.020825
0.042391
0.017501
0.002406
0.005497
0.007523
0.031921
0.039357
0.030786
0.056189
0.013788
0.055743
0.082251
0.005632
0.014062
0.042391
0.021103
0.029089
0.022913
0.020547
0.047047
0.023332
0.029371
0.019992
0.017639
0.043261
0.009965
0.010373
0.018745
0.021520
0.043696
0.016122
0.038925
0.054407
0.042970
0.054704
0.028101
0.010782
0.000934
0.031353
0.025711
0.045733
0.006576
0.025851
0.023192
0.053815
0.020686
0.007658
0.020408
0.026132
0.038493
0.060820
0.023891
0.011191
0.022634
0.032063
0.029937
0.015710
0.022216
0.036771
0.015435
0.040944
0.017777
0.039213
0.017639
0.020686
0.025431
0.057679
0.040078
0.002942
0.019022
0.042246
0.012146
0.003210
0.016260
0.016673
0.005901
0.047779
0.043696
0.033912
0.017087
0.022495
0.004823
0.015847
0.039213
0.028524
0.015710
0.042246
0.053519
0.011600
0.080536
0.044423
0.026835
0.007523
0.059322
0.038637
0.004419
0.037775
0.012146
0.025571
0.003747
0.011600
0.002942
0.001469
0.007658
0.008742
0.004150
0.002942
0.008878
0.009557
0.005632
0.082251
0.005766
0.009965
0.004016
0.010645
0.004016
0.008471
0.004554
0.009014
0.006036
0.004689
0.002138
0.007252
0.011463
0.005766
0.018883
0.007658
0.004689
0.012009
0.007658
0.016260
0.002540
0.003479
0.006711
0.015847
0.032631
0.001201
0.003747
0.006171
0.002942
0.005632
0.004554
0.007929
0.006576
0.004419
0.006576
0.013925
0.011463
0.007252
0.011054
0.006171
0.008336
0.008471
0.004016
0.007117
0.006711
0.004823
0.003210
0.005362
0.007929
0.010509
0.004689
0.004823
0.006171
0.007388
0.005497
0.003747
0.002272
0.006306
0.016260
0.002272
0.002272
0.003747
0.005227
0.002540
0.005901
0.007929
0.001201
0.004689
0.002808
0.002272
0.006171
0.002942
0.002004
0.004554
0.006711
0.026273
0.004016
0.005092
0.003210
0.004150
0.004150
0.010101
0.003344
0.002942
0.002138
0.011054
0.010509
0.003613
0.006306
0.008607
0.045151
0.015847
0.032489
0.009421
0.008065
0.012009
0.014062
0.005766
0.082251
0.019437
0.006036
0.051451
0.025290
0.011873
0.014062
0.055743
0.026132
0.015572
0.015160
0.011327
0.006306
0.022634
0.006711
0.005092
0.013377
0.007388
0.051893
0.018053
0.013514
0.011600
0.011327
0.006306
0.002138
0.012966
0.055595
0.023751
0.005362
0.007929
0.014748
0.021103
0.003613
0.002540
0.012282
0.033200
0.026835
0.023192
0.009557
0.026554
0.024590
0.011327
0.013103
0.030503
0.037488
0.013103
0.017087
0.038781
0.011873
0.012692
0.032631
0.011191
0.049245
0.024310
0.011873
0.006441
0.028101
0.011327
0.043696
0.003882
0.010645
0.039789
0.019022
0.008336
0.004419
0.026835
0.006576
0.008065
0.004823
0.009014
0.009150
0.019714
0.013514
0.011736
0.027820
0.009285
0.012146
0.019576
0.029513
0.019853
0.013514
0.033770
0.006576
0.014473
0.006982
0.015435
0.018468
0.005362
0.004419
0.005497
0.026554
0.019992
0.032205
0.037488
0.004150
0.032631
0.042391
0.009965
0.019437
0.082251
0.025711
0.028524
0.007523
0.010237
0.028524
0.025851
0.023332
0.012966
0.005092
0.015847
0.018330
0.021381
0.027961
0.013925
0.008336
0.006711
0.031637
0.040078
0.047194
0.020131
0.006036
0.015160
0.003076
0.010101
0.029654
0.035197
0.006036
0.014062
0.017915
0.020408
0.043696
0.003076
0.011600
0.035912
0.039213
0.045005
0.015297
0.014062
0.011191
0.015160
0.027116
0.033912
0.021103
0.026694
0.006036
0.041667
0.012692
0.026132
0.015710
0.012146
0.020131
0.025010
0.008065
0.007252
0.012829
0.031637
0.013240
0.004016
0.016811
0.009285
0.037919
0.009421
0.022077
0.026975
0.003747
0.016260
0.002942
0.014610
0.040366
0.016398
0.010782
0.025851
0.042391
0.014885
0.032773
0.005632
0.017225
0.002808
0.040799
0.036771
0.002808
0.028665
0.012419
0.033627
0.007523
0.005497
0.003076
0.002808
0.013925
0.014062
0.007388
0.019299
0.010645
0.025711
0.021103
0.004016
0.006036
0.025711
0.082251
0.016536
0.006306
0.014473
0.020269
0.016122
0.010101
0.007794
0.004016
0.010782
0.013514
0.001870
0.012829
0.007117
0.009965
0.006711
0.015710
0.028948
0.029371
0.025290
0.002942
0.020547
0.002004
0.019714
0.014336
0.029230
0.004823
0.013514
0.021938
0.046901
0.078206
0.002272
0.009557
0.022216
0.016260
0.032631
0.009829
0.004419
0.003613
0.011463
0.024730
0.008471
0.013240
0.015572
0.005901
0.029230
0.011191
0.020825
0.008607
0.010782
0.013788
0.015022
0.003747
0.012282
0.005632
0.022495
0.009285
0.004150
0.019022
0.008742
0.028524
0.010782
0.014062
0.007523
0.003344
0.006306
0.001201
0.019437
0.023192
0.009014
0.013240
0.015847
0.037201
0.005901
0.020547
0.008878
0.009150
0.005362
0.015985
0.034911
0.002942
0.005227
0.009150
0.014885
0.032063
0.005497
0.005227
0.009285
0.078981
0.034197
0.036341
0.022913
0.014336
0.014473
0.029089
0.010645
0.051451
0.028524
0.016536
0.082251
0.049979
0.009285
0.027397
0.059472
0.043841
0.019853
0.014885
0.029089
0.015847
0.029654
0.026975
0.020825
0.015160
0.016122
0.079137
0.034625
0.009557
0.020686
0.016260
0.020964
0.002138
0.018192
0.038925
0.017915
0.008607
0.025571
0.029513
0.041233
0.014062
0.006171
0.051451
0.045442
0.078671
0.058574
0.008471
0.029937
0.037631
0.017639
0.011327
0.044714
0.080225
0.012692
0.036628
0.046171
0.010645
0.021798
0.040655
0.013377
0.079292
0.049098
0.016673
0.005092
0.023053
0.022913
0.040655
0.007388
0.018745
0.057082
0.022774
0.019992
0.032916
0.028948
0.009285
0.024870
0.006576
0.028242
0.027116
0.020686
0.017363
0.029089
0.043406
0.017915
0.028242
0.024450
0.034340
0.013788
0.023611
0.043551
0.008471
0.027397
0.014199
0.025992
0.072501
0.003613
0.004419
0.009150
0.055743
0.045005
0.012556
0.017915
0.007929
0.014610
0.022913
0.004016
0.025290
0.007523
0.006306
0.049979
0.082251
0.008607
0.041811
0.043115
0.027679
0.015160
0.012146
0.046463
0.013925
0.007117
0.022216
0.007117
0.037775
0.008471
0.059322
0.025851
0.012556
0.011600
0.010782
0.014199
0.001603
0.021938
0.048658
0.011873
0.006711
0.053075
0.041377
0.035912
0.004958
0.006711
0.028807
0.026835
0.053075
0.049685
0.004689
0.011327
0.014336
0.023611
0.027116
0.015435
0.054407
0.014336
0.033200
0.041811
0.006306
0.010645
0.034625
0.020131
0.057828
0.025851
0.016811
0.010237
0.015022
0.043406
0.008607
0.004285
0.016260
0.040944
0.014885
0.020547
0.042970
0.033200
0.007117
0.009014
0.008471
0.023053
0.019022
0.013377
0.023472
0.028807
0.052484
0.009014
0.037919
0.010918
0.020131
0.013103
0.011054
0.031070
0.006711
0.012829
0.006711
0.028101
0.006036
0.002674
0.079758
0.004554
0.013377
0.011463
0.010237
0.009829
0.007929
0.038350
0.020547
0.008471
0.011873
0.010237
0.014473
0.009285
0.008607
0.082251
0.026413
0.012829
0.022356
0.007794
0.028524
0.013240
0.016398
0.007117
0.018053
0.004554
0.017915
0.006036
0.013240
0.039213
0.023332
0.026694
0.016673
0.012282
0.001603
0.006847
0.017363
0.037344
0.002674
0.013377
0.012556
0.028524
0.006576
0.004554
0.005766
0.016122
0.014610
0.023611
0.056636
0.011463
0.007252
0.015847
0.026554
0.005632
0.014062
0.026132
0.008065
0.010101
0.079603
0.015710
0.006982
0.015710
0.013514
0.021381
0.022634
0.005497
0.004554
0.010373
0.016260
0.004823
0.017639
0.009150
0.003076
0.012692
0.007117
0.010373
0.008607
0.007117
0.007794
0.006847
0.008065
0.007929
0.018883
0.012556
0.014336
0.009965
0.010237
0.024590
0.010373
0.021103
0.020686
0.025150
0.005092
0.021103
0.006171
0.012556
0.026273
0.002272
0.009285
0.003344
0.023472
0.046025
0.010101
0.036484
0.002674
0.022495
0.047047
0.004554
0.014062
0.028524
0.020269
0.027397
0.041811
0.026413
0.082251
0.019160
0.027257
0.014473
0.020964
0.045442
0.017501
0.007658
0.027820
0.010101
0.047779
0.010918
0.039357
0.056189
0.032347
0.048951
0.012829
0.030078
0.000667
0.031495
0.031921
0.037201
0.014885
0.048218
0.043987
0.051746
0.012419
0.005632
0.011736
0.047779
0.025431
0.059023
0.017777
0.013650
0.011191
0.041377
0.045151
0.011054
0.022216
0.038637
0.010101
0.034483
0.023332
0.032063
0.015022
0.046317
0.023192
0.053963
0.031070
0.013103
0.004689
0.024450
0.009014
0.004554
0.054556
0.020408
0.030644
0.034197
0.018745
0.037201
0.005092
0.008200
0.005766
0.021938
0.039069
0.047047
0.055446
0.058276
0.049979
0.012009
0.050567
0.021938
0.015022
0.011054
0.037344
0.046171
0.002808
0.034911
0.013650
0.024310
0.024590
0.009014
0.007658
0.011191
0.059023
0.029795
0.027538
0.020686
0.015710
0.018468
0.023332
0.009014
0.055743
0.025851
0.016122
0.059472
0.043115
0.012829
0.019160
0.082251
0.027116
0.036484
0.011191
0.018883
0.028242
0.014336
0.032063
0.013377
0.015985
0.009014
0.078826
0.028101
0.025150
0.014336
0.012829
0.025851
0.003613
0.019299
0.058425
0.025431
0.018053
0.037919
0.043406
0.022774
0.015160
0.011054
0.032205
0.056338
0.079292
0.048365
0.012692
0.041233
0.019992
0.015847
0.026554
0.033343
0.057231
0.019299
0.031353
0.054407
0.015710
0.021103
0.050567
0.010509
0.060970
0.026694
0.015847
0.013650
0.032916
0.031495
0.031779
0.005497
0.015297
0.050126
0.030786
0.018330
0.013788
0.019437
0.011191
0.029371
0.003076
0.019437
0.018192
0.013925
0.012009
0.015435
0.032773
0.014885
0.027116
0.017639
0.052336
0.013514
0.022077
0.046609
0.006711
0.018330
0.018468
0.036771
0.016673
0.003344
0.013103
0.019022
0.041956
0.053815
0.057530
0.020825
0.013650
0.033485
0.029371
0.006036
0.026132
0.023332
0.010101
0.043841
0.027679
0.022356
0.027257
0.027116
0.082251
0.041233
0.031353
0.050273
0.018883
0.015572
0.027820
0.021938
0.022077
0.019714
0.059621
0.050714
0.026694
0.036055
0.026132
0.023472
0.001201
0.021520
0.034625
0.023891
0.005227
0.039069
0.031779
0.040222
0.004958
0.003613
0.017501
0.019437
0.034340
0.054556
0.022913
0.010237
0.013650
0.025290
0.031211
0.028383
0.051304
0.017087
0.035769
0.018883
0.024590
0.017777
0.011191
0.015022
0.057828
0.047925
0.021938
0.006441
0.010101
0.027679
0.024870
0.010918
0.021381
0.036198
0.006036
0.020825
0.028807
0.026975
0.009829
0.024310
0.020131
0.015297
0.040222
0.016536
0.019437
0.036914
0.034911
0.033627
0.031353
0.034483
0.015572
0.032916
0.044714
0.041956
0.011191
0.046317
0.018330
0.014610
0.027257
0.002406
0.008607
0.006576
0.018607
0.046025
0.031353
0.012829
0.010782
0.019299
0.019992
0.004689
0.015572
0.012966
0.007794
0.019853
0.015160
0.007794
0.014473
0.036484
0.041233
0.082251
0.009965
0.018607
0.049979
0.009014
0.053075
0.020408
0.004689
0.007794
0.037775
0.034625
0.024170
0.011191
0.006306
0.039789
0.000667
0.008336
0.035626
0.013240
0.004419
0.050567
0.052927
0.021520
0.006576
0.005092
0.007388
0.025431
0.036055
0.056338
0.026554
0.006982
0.004958
0.007929
0.017777
0.010918
0.024730
0.009014
0.016536
0.030078
0.015985
0.007794
0.006982
0.007117
0.032773
0.009693
0.004554
0.009557
0.005497
0.008336
0.014062
0.015160
0.008742
0.047194
0.004150
0.010373
0.025711
0.006576
0.004958
0.059621
0.013377
0.029089
0.013925
0.004554
0.004823
0.013240
0.021520
0.014336
0.024870
0.013925
0.025992
0.010101
0.061121
0.037201
0.002808
0.007252
0.080692
0.004689
0.013788
0.001469
0.012556
0.008471
0.012966
0.032916
0.021242
0.006847
0.009014
0.029654
0.017639
0.002138
0.015160
0.005092
0.004016
0.014885
0.012146
0.028524
0.020964
0.011191
0.031353
0.009965
0.082251
0.026835
0.005227
0.005901
0.006306
0.005766
0.012692
0.025010
0.015160
0.029371
0.006171
0.027679
0.021103
0.005632
0.000667
0.008607
0.009829
0.011191
0.003344
0.011191
0.010101
0.039357
0.004016
0.004823
0.008471
0.006711
0.012692
0.016260
0.013240
0.006847
0.007117
0.042680
0.007117
0.009014
0.014885
0.012966
0.016536
0.010782
0.019022
0.016260
0.008742
0.020964
0.012692
0.048658
0.030503
0.002942
0.002004
0.014748
0.021242
0.006847
0.037775
0.027397
0.002406
0.011327
0.019022
0.019022
0.004958
0.005901
0.019714
0.007929
0.012282
0.009557
0.015572
0.023611
0.013650
0.012692
0.005901
0.055892
0.009829
0.060370
0.014336
0.033627
0.025851
0.047779
0.003613
0.008065
0.017777
0.002004
0.005362
0.007117
0.036914
0.056338
0.019299
0.020686
0.015572
0.027257
0.043261
0.007252
0.011327
0.015847
0.010782
0.029089
0.046463
0.013240
0.045442
0.018883
0.050273
0.018607
0.026835
0.082251
0.013925
0.007252
0.036341
0.019160
0.026273
0.012146
0.051304
0.048365
0.019437
0.013240
0.022774
0.015710
0.000667
0.026132
0.034625
0.014199
0.004150
0.032773
0.016673
0.051893
0.010237
0.001603
0.021938
0.022077
0.033200
0.052189
0.010645
0.005092
0.011463
0.054704
0.019576
0.011191
0.027116
0.004419
0.019160
0.021520
0.009557
0.021938
0.014610
0.050126
0.031211
0.030786
0.013788
0.005766
0.004419
0.039645
0.013788
0.006576
0.026835
0.033912
0.008878
0.030928
0.052927
0.037775
0.003613
0.008607
0.012966
0.029230
0.051746
0.022077
0.037488
0.054852
0.029089
0.013377
0.043696
0.032773
0.009557
0.024450
0.022216
0.028948
0.013514
0.019022
0.009829
0.015297
0.014062
0.010918
0.011736
0.002406
0.012556
0.026413
0.010782
0.014885
0.005766
0.017087
0.009965
0.011463
0.006306
0.018330
0.013514
0.015847
0.013925
0.016398
0.017501
0.028242
0.018883
0.049979
0.005227
0.013925
0.082251
0.008200
0.079292
0.015847
0.006306
0.003613
0.022634
0.042825
0.029937
0.008471
0.006847
0.080380
0.001603
0.005362
0.032489
0.019714
0.004016
0.035769
0.057381
0.015847
0.012829
0.005497
0.005092
0.039933
0.027961
0.030503
0.030361
0.008878
0.004554
0.010101
0.030220
0.008742
0.011327
0.019853
0.007523
0.012966
0.028665
0.013377
0.004150
0.005362
0.019853
0.005227
0.004150
0.013650
0.003210
0.011054
0.019853
0.005092
0.009014
0.014199
0.013377
0.004958
0.006576
0.005632
0.004016
0.036628
0.003613
0.017777
0.023332
0.005227
0.005901
0.015022
0.010918
0.020131
0.015710
0.006711
0.019992
0.007929
0.020269
0.020547
0.002406
0.004689
0.044714
0.012146
0.005362
0.002808
0.003747
0.002674
0.018053
0.006982
0.007388
0.004554
0.003882
0.006982
0.010373
0.005766
0.022634
0.021381
0.001870
0.029654
0.007117
0.007117
0.007658
0.014336
0.015572
0.009014
0.005901
0.007252
0.008200
0.082251
0.007658
0.009829
0.005632
0.007929
0.024590
0.017225
0.007523
0.004419
0.009829
0.004958
0.001736
0.002138
0.017501
0.006847
0.003613
0.004958
0.004554
0.005227
0.002138
0.001335
0.007794
0.012419
0.034625
0.012966
0.006306
0.052927
0.051009
0.003747
0.004823
0.007658
0.017363
0.005766
0.011600
0.010782
0.005766
0.006576
0.009014
0.004285
0.015022
0.006982
0.011463
0.002540
0.006036
0.004554
0.017501
0.002674
0.003882
0.011327
0.004016
0.003479
0.004419
0.017639
0.002942
0.007523
0.005362
0.004823
0.012556
0.009150
0.004016
0.009150
0.010101
0.010101
0.006036
0.006576
0.007794
0.005497
0.008878
0.011600
0.004823
0.009557
0.002942
0.010782
0.018607
0.008336
0.010645
0.004823
0.018607
0.046171
0.017225
0.015435
0.009693
0.023751
0.018745
0.018883
0.006711
0.027961
0.012829
0.026975
0.022216
0.018053
0.027820
0.032063
0.027820
0.053075
0.006306
0.036341
0.079292
0.007658
0.082251
0.016811
0.006171
0.006441
0.039213
0.049832
0.030644
0.009965
0.008471
0.080225
0.001736
0.005766
0.045151
0.020408
0.007252
0.049979
0.055595
0.029371
0.013788
0.008200
0.009693
0.048951
0.044714
0.052041
0.035626
0.009285
0.006982
0.016260
0.039213
0.017225
0.020964
0.019992
0.010237
0.024590
0.028807
0.019160
0.004285
0.007658
0.028948
0.009285
0.006306
0.012829
0.002540
0.021381
0.018745
0.010782
0.011463
0.028242
0.023472
0.004285
0.016949
0.010918
0.003076
0.036771
0.008336
0.025290
0.040222
0.008742
0.011873
0.022495
0.016673
0.033200
0.019437
0.009421
0.019299
0.007523
0.032489
0.025851
0.003613
0.009693
0.047047
0.010782
0.006576
0.004150
0.002272
0.001736
0.013514
0.033912
0.018330
0.014199
0.004958
0.015710
0.021520
0.007658
0.005092
0.013925
0.007117
0.020825
0.007117
0.004554
0.010101
0.013377
0.021938
0.020408
0.005766
0.019160
0.015847
0.009829
0.016811
0.082251
0.005632
0.014336
0.013103
0.032916
0.008336
0.017777
0.010918
0.012556
0.001068
0.005901
0.005227
0.009693
0.003344
0.010373
0.009829
0.018883
0.009421
0.005362
0.012419
0.008878
0.018053
0.021938
0.007929
0.004554
0.005362
0.008607
0.006171
0.006576
0.012419
0.004285
0.004016
0.008471
0.006036
0.015435
0.009965
0.004554
0.011191
0.016122
0.003747
0.002138
0.002540
0.007117
0.007252
0.004285
0.004958
0.017915
0.005092
0.007523
0.016949
0.008336
0.004016
0.026132
0.004285
0.006036
0.027257
0.009693
0.008471
0.014610
0.019992
0.027116
0.015435
0.011600
0.008200
0.007388
0.022356
0.018192
0.008065
0.010373
0.016673
0.005901
0.018607
0.001870
0.006711
0.003076
0.021242
0.016536
0.005901
0.042680
0.009014
0.027538
0.043696
0.004689
0.013377
0.008336
0.009965
0.015160
0.037775
0.017915
0.047779
0.015985
0.022077
0.004689
0.012692
0.026273
0.006306
0.005632
0.006171
0.005632
0.082251
0.005632
0.020547
0.050567
0.016673
0.019853
0.035912
0.007388
0.000801
0.015572
0.021103
0.028948
0.006171
0.018745
0.025851
0.026132
0.006171
0.003479
0.005766
0.015160
0.014336
0.030644
0.008607
0.011054
0.016536
0.017363
0.019437
0.005901
0.016260
0.025010
0.008742
0.015847
0.011327
0.023751
0.011873
0.019576
0.018192
0.040655
0.039789
0.007658
0.015297
0.021103
0.007252
0.003882
0.013788
0.009150
0.004554
0.027116
0.009965
0.018468
0.011600
0.002942
0.006036
0.007929
0.017087
0.016122
0.027538
0.048658
0.052779
0.008878
0.048951
0.020964
0.011463
0.016260
0.012829
0.023751
0.008742
0.009693
0.003747
0.025010
0.006171
0.005092
0.001736
0.002004
0.012146
0.023611
0.011600
0.007658
0.021659
0.028383
0.016122
0.012009
0.007388
0.006711
0.006711
0.016122
0.008471
0.006036
0.010918
0.009014
0.019714
0.007794
0.025010
0.012146
0.003613
0.007929
0.006441
0.014336
0.005632
0.082251
0.007794
0.027679
0.006982
0.015022
0.008065
0.005632
0.001603
0.005092
0.004150
0.008742
0.003076
0.006982
0.006441
0.028948
0.005092
0.002406
0.009150
0.006171
0.010918
0.027116
0.007523
0.002942
0.012966
0.007252
0.007117
0.008607
0.011736
0.007388
0.006306
0.006576
0.008471
0.014473
0.005362
0.008607
0.011054
0.039789
0.007523
0.004285
0.001469
0.008336
0.014885
0.007252
0.006847
0.007658
0.002808
0.008471
0.017915
0.010373
0.003613
0.005901
0.007252
0.003479
0.023192
0.005227
0.008607
0.026694
0.014473
0.045442
0.014336
0.029513
0.002138
0.014885
0.022774
0.018468
0.008336
0.009693
0.006441
0.006441
0.035340
0.004285
0.007117
0.021103
0.080692
0.048365
0.041811
0.031070
0.013514
0.025010
0.038925
0.007658
0.051893
0.031637
0.015710
0.079137
0.059322
0.013240
0.039357
0.078826
0.059621
0.037775
0.015160
0.051304
0.022634
0.024590
0.039213
0.013103
0.020547
0.007794
0.082251
0.039789
0.033200
0.029795
0.018330
0.024031
0.002004
0.034911
0.060520
0.033485
0.013514
0.055446
0.041522
0.042101
0.011736
0.005362
0.035912
0.057381
0.078671
0.080380
0.012966
0.027257
0.031070
0.025711
0.032773
0.043115
0.080847
0.016811
0.051009
0.056636
0.014748
0.024310
0.053815
0.020686
0.081627
0.049832
0.019299
0.008336
0.032063
0.040944
0.030503
0.005632
0.022913
0.053519
0.027679
0.034625
0.034768
0.041811
0.011873
0.030786
0.004823
0.034768
0.035912
0.025290
0.021659
0.035197
0.048804
0.016949
0.057828
0.024310
0.050126
0.015985
0.040366
0.052927
0.007929
0.042680
0.021381
0.047632
0.025711
0.007388
0.010645
0.004016
0.029513
0.039069
0.034340
0.046171
0.015985
0.045588
0.054407
0.016260
0.018053
0.040078
0.028948
0.034625
0.025851
0.039213
0.056189
0.028101
0.050714
0.034625
0.029371
0.048365
0.042825
0.017225
0.049832
0.032916
0.050567
0.027679
0.039789
0.082251
0.032347
0.048658
0.045296
0.047340
0.001603
0.015297
0.024590
0.051304
0.009557
0.038350
0.058126
0.053371
0.022077
0.006847
0.020825
0.045005
0.039213
0.062323
0.036771
0.017915
0.018468
0.030786
0.044423
0.018468
0.027820
0.057530
0.010918
0.027538
0.042970
0.044132
0.010373
0.019576
0.036341
0.055149
0.047047
0.020547
0.011327
0.039213
0.014885
0.009965
0.029937
0.024730
0.021520
0.036055
0.038781
0.025571
0.009965
0.032347
0.007252
0.017777
0.053963
0.020825
0.023611
0.056636
0.046025
0.039357
0.050862
0.043261
0.024450
0.026694
0.051598
0.056338
0.007658
0.035340
0.021938
0.039357
0.008336
0.004689
0.011191
0.005766
0.014336
0.029089
0.013240
0.033770
0.005766
0.048365
0.042970
0.002540
0.013514
0.047194
0.029371
0.009557
0.012556
0.023332
0.032347
0.025150
0.026694
0.024170
0.006171
0.019437
0.029937
0.007523
0.030644
0.008336
0.016673
0.006982
0.033200
0.032347
0.082251
0.026273
0.008065
0.015985
0.001469
0.015985
0.056041
0.055446
0.006171
0.034625
0.032916
0.020408
0.032347
0.002406
0.004823
0.043987
0.021659
0.040078
0.023472
0.012009
0.009285
0.014199
0.041233
0.008878
0.014199
0.024590
0.008742
0.020269
0.026835
0.025431
0.010101
0.008742
0.025571
0.016811
0.005227
0.006847
0.011191
0.029937
0.009965
0.003613
0.014336
0.010101
0.012966
0.018053
0.011054
0.018607
0.012419
0.012556
0.003747
0.017501
0.027820
0.019437
0.017087
0.024170
0.032916
0.010373
0.044423
0.015572
0.019992
0.007117
0.043261
0.031495
0.003344
0.016122
0.029654
0.023472
0.009014
0.002138
0.006576
0.006711
0.020964
0.038781
0.032916
0.039069
0.008878
0.041811
0.054704
0.003479
0.011600
0.020131
0.025290
0.020686
0.011600
0.026694
0.048951
0.014336
0.036055
0.011191
0.027679
0.013240
0.008471
0.004419
0.009965
0.017777
0.019853
0.015022
0.029795
0.048658
0.026273
0.082251
0.013650
0.009557
0.000934
0.041233
0.015160
0.051746
0.007794
0.038925
0.027116
0.048072
0.020686
0.004689
0.010645
0.016122
0.019576
0.050862
0.009421
0.006576
0.008607
0.032773
0.030928
0.010782
0.018745
0.036198
0.015985
0.022356
0.016673
0.021520
0.011463
0.011873
0.022774
0.057828
0.019299
0.006847
0.008742
0.020408
0.009557
0.006306
0.046317
0.015297
0.012009
0.038637
0.013103
0.015710
0.018468
0.016260
0.003210
0.019022
0.034197
0.020964
0.016949
0.047047
0.045879
0.016673
0.048658
0.032205
0.020131
0.018468
0.046171
0.055149
0.003076
0.042246
0.012282
0.022077
0.006441
0.003747
0.007929
0.001736
0.014885
0.010918
0.010645
0.016673
0.004958
0.020964
0.028101
0.006711
0.011327
0.006036
0.002942
0.016260
0.010782
0.016673
0.012829
0.012829
0.026132
0.006306
0.021103
0.022774
0.006847
0.009829
0.008471
0.010918
0.035912
0.008065
0.018330
0.045296
0.008065
0.013650
0.082251
0.006576
0.001469
0.002138
0.009829
0.017225
0.004554
0.005092
0.007388
0.014473
0.002674
0.003882
0.007658
0.010918
0.012829
0.022216
0.009421
0.009285
0.008878
0.013650
0.005362
0.005766
0.012419
0.031070
0.003882
0.006441
0.017501
0.017087
0.009829
0.006036
0.014885
0.026132
0.057082
0.002808
0.004419
0.004689
0.007388
0.002406
0.004554
0.009829
0.003076
0.008742
0.006982
0.018053
0.012419
0.010373
0.003344
0.002942
0.019437
0.015710
0.011736
0.023053
0.012829
0.010509
0.016122
0.030644
0.009421
0.031353
0.013650
0.009557
0.032631
0.007794
0.008200
0.006847
0.017225
0.011054
0.006306
0.003210
0.012419
0.038925
0.015572
0.018330
0.006036
0.020408
0.010782
0.015847
0.006306
0.015160
0.020547
0.020964
0.014199
0.012282
0.030078
0.025851
0.023472
0.039789
0.005632
0.015710
0.080380
0.004958
0.080225
0.012556
0.007388
0.005632
0.024031
0.047340
0.015985
0.009557
0.006576
0.082251
0.002272
0.004554
0.028242
0.020269
0.009421
0.041377
0.049098
0.022634
0.011054
0.004554
0.010918
0.041811
0.033485
0.039645
0.033485
0.005632
0.004419
0.012146
0.046025
0.014885
0.015710
0.021798
0.009693
0.017087
0.032631
0.025290
0.004285
0.005901
0.019437
0.009693
0.007658
0.016260
0.002674
0.015297
0.020547
0.005092
0.008336
0.021381
0.023053
0.003613
0.005092
0.006982
0.002138
0.033627
0.005227
0.012966
0.034340
0.005227
0.009965
0.015435
0.014885
0.033343
0.017225
0.009421
0.011600
0.008200
0.024730
0.023053
0.001736
0.011327
0.024310
0.013377
0.001469
0.009421
0.001068
0.000801
0.002406
0.000667
0.000934
0.001201
0.001870
0.002272
0.000934
0.032631
0.002138
0.003076
0.002004
0.002138
0.001603
0.001603
0.000667
0.003613
0.001201
0.000667
0.000667
0.000667
0.001603
0.001736
0.001736
0.001068
0.000801
0.001603
0.002004
0.001603
0.001469
0.000934
0.001469
0.002272
0.082251
0.000400
0.001335
0.002540
0.000934
0.001201
0.000801
0.001603
0.002674
0.001469
0.001736
0.003210
0.002674
0.001469
0.002674
0.001335
0.001201
0.000667
0.001736
0.001603
0.002272
0.002138
0.000667
0.001068
0.001736
0.003076
0.002138
0.000801
0.001870
0.000801
0.000934
0.001068
0.001603
0.001335
0.002004
0.000534
0.000934
0.001201
0.002138
0.000400
0.000400
0.000667
0.000400
0.001068
0.000667
0.000400
0.001603
0.000801
0.000267
0.000934
0.001335
0.004285
0.000801
0.000934
0.001335
0.000934
0.000934
0.001603
0.000934
0.000534
0.000667
0.002138
0.026273
0.000667
0.002138
0.017087
0.025851
0.039501
0.021938
0.031070
0.011191
0.024310
0.031353
0.001201
0.012966
0.010101
0.019714
0.018192
0.021938
0.006847
0.031495
0.019299
0.021520
0.008336
0.008607
0.026132
0.005362
0.002138
0.005766
0.005901
0.015572
0.005092
0.034911
0.015297
0.015985
0.041233
0.002138
0.004554
0.000400
0.082251
0.021242
0.020825
0.006847
0.030928
0.039069
0.045588
0.025431
0.004958
0.007794
0.014748
0.017639
0.032205
0.003882
0.003613
0.005362
0.029654
0.024031
0.009693
0.021381
0.008336
0.024031
0.047779
0.003479
0.013788
0.017777
0.021103
0.028807
0.033770
0.005227
0.018883
0.017501
0.042825
0.009014
0.002942
0.051451
0.017087
0.012419
0.029371
0.024031
0.016949
0.006171
0.004689
0.001603
0.055298
0.016398
0.010101
0.020686
0.019853
0.053519
0.005362
0.046901
0.012419
0.039357
0.005632
0.014748
0.050567
0.001736
0.027538
0.008065
0.017087
0.020964
0.003210
0.009965
0.008878
0.050126
0.032773
0.018053
0.014062
0.009285
0.020964
0.025711
0.003747
0.055595
0.029654
0.014336
0.038925
0.048658
0.017363
0.031921
0.058425
0.034625
0.035626
0.009829
0.034625
0.032489
0.017501
0.045151
0.005227
0.021103
0.004150
0.060520
0.024590
0.056041
0.015160
0.009829
0.028242
0.001335
0.021242
0.082251
0.035626
0.010782
0.040799
0.034340
0.028665
0.006441
0.002540
0.012282
0.076967
0.045151
0.055149
0.012966
0.026975
0.015710
0.019437
0.032347
0.018883
0.037775
0.015710
0.035769
0.054852
0.016536
0.015710
0.023192
0.015160
0.056636
0.012556
0.010782
0.012556
0.018468
0.027820
0.029795
0.004554
0.012829
0.040799
0.027538
0.014885
0.013103
0.033912
0.006171
0.016811
0.006036
0.031637
0.015710
0.018053
0.018883
0.018192
0.043987
0.009557
0.034483
0.015022
0.052632
0.013240
0.031495
0.046755
0.005901
0.012282
0.028101
0.024730
0.008065
0.005766
0.012146
0.006441
0.017639
0.034625
0.026554
0.041233
0.022495
0.053815
0.045733
0.006171
0.023751
0.035197
0.029230
0.017915
0.011873
0.037344
0.037201
0.025431
0.023891
0.013240
0.011191
0.014199
0.019714
0.006847
0.020408
0.009693
0.028948
0.008742
0.033485
0.051304
0.055446
0.051746
0.017225
0.020269
0.002540
0.020825
0.035626
0.082251
0.016811
0.037919
0.056933
0.044423
0.019992
0.002138
0.007117
0.033343
0.017777
0.048951
0.020825
0.008607
0.007117
0.027820
0.041956
0.012146
0.016673
0.052336
0.009693
0.027116
0.055298
0.038781
0.009829
0.011191
0.024730
0.045442
0.023332
0.020686
0.011191
0.022077
0.017225
0.005362
0.032631
0.011736
0.012829
0.025571
0.009693
0.015022
0.017777
0.016122
0.003747
0.014336
0.031921
0.022495
0.019853
0.026835
0.039501
0.020964
0.049391
0.039501
0.023472
0.025851
0.041667
0.048804
0.003210
0.028665
0.023053
0.040366
0.008200
0.004554
0.001469
0.004016
0.010645
0.009829
0.004419
0.008471
0.004958
0.004823
0.006576
0.002942
0.005362
0.006036
0.004823
0.008607
0.006711
0.002674
0.014885
0.018053
0.005227
0.004419
0.003344
0.004150
0.004016
0.003613
0.007252
0.003344
0.006171
0.003076
0.013514
0.009557
0.006171
0.007794
0.004554
0.009421
0.000934
0.006847
0.010782
0.016811
0.082251
0.017915
0.015710
0.007523
0.005362
0.000934
0.006036
0.013650
0.012829
0.012419
0.001335
0.005092
0.007523
0.007794
0.009014
0.005092
0.008878
0.007117
0.007523
0.018192
0.004419
0.010237
0.006306
0.003882
0.009285
0.011327
0.005901
0.007658
0.003747
0.009285
0.002540
0.002674
0.008200
0.006441
0.015160
0.002674
0.003076
0.003747
0.001201
0.005362
0.002808
0.002808
0.006847
0.004823
0.003479
0.004554
0.012966
0.004823
0.011463
0.003747
0.018192
0.002406
0.007658
0.023472
0.001335
0.006441
0.005632
0.009285
0.044277
0.004554
0.009829
0.011736
0.030078
0.059023
0.017225
0.024730
0.017915
0.033627
0.025851
0.005632
0.007929
0.014062
0.013514
0.025571
0.053075
0.013377
0.048218
0.037919
0.039069
0.050567
0.011191
0.032773
0.035769
0.004958
0.049979
0.010373
0.018745
0.006982
0.055446
0.038350
0.034625
0.038925
0.005092
0.041377
0.001201
0.030928
0.040799
0.037919
0.017915
0.082251
0.060071
0.038350
0.014336
0.010918
0.012556
0.040655
0.048511
0.057381
0.013103
0.011463
0.006036
0.033770
0.060820
0.008065
0.034625
0.016536
0.039069
0.043115
0.017225
0.019714
0.009557
0.012419
0.053371
0.035340
0.007658
0.029795
0.005227
0.055446
0.010918
0.014610
0.027397
0.035912
0.010237
0.020131
0.027116
0.014748
0.005901
0.025431
0.013240
0.036198
0.019299
0.010645
0.011463
0.030078
0.047925
0.019714
0.052927
0.023192
0.024310
0.011191
0.034768
0.055595
0.003344
0.015847
0.031211
0.041522
0.048072
0.002004
0.007523
0.009150
0.020964
0.055446
0.039213
0.042535
0.034911
0.039357
0.023192
0.004554
0.014748
0.017915
0.021938
0.029513
0.041377
0.012556
0.043987
0.043406
0.031779
0.052927
0.010101
0.016673
0.057381
0.004554
0.055595
0.009829
0.025851
0.006441
0.041522
0.058126
0.032916
0.027116
0.007388
0.049098
0.000801
0.039069
0.034340
0.056933
0.015710
0.060071
0.082251
0.048804
0.018053
0.006441
0.008471
0.039789
0.038062
0.057231
0.015710
0.009965
0.006576
0.014748
0.053519
0.018607
0.028101
0.051598
0.029937
0.030786
0.032631
0.017777
0.009150
0.007117
0.047486
0.031921
0.013240
0.057082
0.008878
0.045588
0.011736
0.015435
0.023751
0.043406
0.020269
0.012966
0.030928
0.014336
0.004419
0.033343
0.004958
0.034911
0.037631
0.007794
0.009693
0.039645
0.045588
0.017363
0.051893
0.014336
0.048072
0.019160
0.040944
0.049979
0.002540
0.019022
0.052189
0.033485
0.040799
0.003210
0.009965
0.006982
0.025290
0.079447
0.029371
0.039069
0.028383
0.046317
0.053815
0.007929
0.021103
0.020408
0.046901
0.041233
0.035912
0.028524
0.051746
0.022774
0.040222
0.021520
0.039357
0.051893
0.015847
0.005227
0.029371
0.018883
0.026132
0.028948
0.042101
0.053371
0.020408
0.048072
0.014473
0.022634
0.001603
0.045588
0.028665
0.044423
0.007523
0.038350
0.048804
0.082251
0.034483
0.006711
0.016949
0.030220
0.027538
0.061721
0.023751
0.006847
0.007523
0.057231
0.024031
0.021242
0.023751
0.023472
0.016122
0.041667
0.028948
0.031070
0.013650
0.053223
0.033200
0.054407
0.021381
0.017777
0.007794
0.041233
0.032347
0.009829
0.056487
0.038781
0.012692
0.033058
0.053371
0.045588
0.007117
0.011054
0.007794
0.040944
0.049098
0.037201
0.049832
0.053371
0.058724
0.022634
0.043696
0.050567
0.021798
0.032631
0.046609
0.047047
0.006171
0.033912
0.021798
0.023751
0.007794
0.009693
0.002406
0.003344
0.011191
0.010509
0.006036
0.025431
0.011463
0.034768
0.020686
0.006576
0.003613
0.043696
0.078206
0.014062
0.004958
0.006576
0.012419
0.015160
0.004958
0.006576
0.004016
0.010237
0.012829
0.002138
0.013788
0.009421
0.006171
0.005092
0.011736
0.022077
0.032347
0.020686
0.002674
0.011054
0.002674
0.025431
0.006441
0.019992
0.005362
0.014336
0.018053
0.034483
0.082251
0.002942
0.006982
0.022077
0.015985
0.017777
0.005227
0.004554
0.004419
0.012146
0.014748
0.008336
0.011191
0.010782
0.003479
0.024870
0.004958
0.034197
0.009150
0.005497
0.009557
0.015160
0.002942
0.008336
0.006036
0.028948
0.006982
0.006171
0.018192
0.006982
0.027679
0.007523
0.012966
0.007117
0.004285
0.006441
0.001068
0.013377
0.024310
0.005362
0.011054
0.013925
0.026975
0.008607
0.020547
0.005227
0.015435
0.002272
0.012829
0.036341
0.002138
0.005497
0.007794
0.027116
0.013103
0.002004
0.002406
0.003344
0.008742
0.008607
0.005092
0.005632
0.003747
0.004419
0.007658
0.004419
0.002540
0.003076
0.002272
0.006171
0.006711
0.004554
0.005632
0.011054
0.003613
0.005092
0.004823
0.001603
0.005497
0.001335
0.008200
0.005362
0.003479
0.002406
0.005362
0.006847
0.002406
0.004689
0.003882
0.004554
0.001469
0.004958
0.002540
0.002138
0.000934
0.010918
0.006441
0.006711
0.002942
0.082251
0.010645
0.002942
0.018607
0.004285
0.005632
0.002808
0.001335
0.010101
0.007388
0.002808
0.008878
0.004419
0.005092
0.006847
0.003882
0.004554
0.007252
0.002942
0.006576
0.008742
0.004554
0.002004
0.002138
0.022634
0.002808
0.003479
0.004823
0.007658
0.003344
0.004285
0.007117
0.005901
0.002406
0.003479
0.001736
0.005497
0.001870
0.002942
0.002138
0.002138
0.006576
0.003210
0.004419
0.004689
0.008471
0.004016
0.004554
0.008200
0.001469
0.006441
0.001736
0.003479
0.033058
0.004419
0.002674
0.006982
0.057082
0.015435
0.019160
0.011191
0.007252
0.006847
0.020408
0.006576
0.012282
0.011600
0.009557
0.051451
0.028807
0.005766
0.011736
0.032205
0.017501
0.007388
0.008471
0.021938
0.005092
0.007794
0.009693
0.012419
0.005766
0.009150
0.035912
0.020825
0.004823
0.010645
0.007658
0.010918
0.001736
0.007794
0.012282
0.007117
0.006036
0.012556
0.008471
0.016949
0.006982
0.010645
0.082251
0.017639
0.059472
0.029513
0.005901
0.009014
0.011600
0.015160
0.008471
0.019853
0.055149
0.007388
0.020686
0.030503
0.005497
0.017225
0.025010
0.015985
0.049245
0.021242
0.011736
0.004150
0.016949
0.019714
0.008742
0.006036
0.009829
0.018607
0.008878
0.010918
0.024450
0.017363
0.005901
0.011054
0.006711
0.011873
0.011054
0.010373
0.010645
0.010373
0.025571
0.009285
0.019992
0.010509
0.009285
0.007252
0.013925
0.021659
0.004419
0.017363
0.004419
0.014473
0.018745
0.006036
0.005632
0.003479
0.036341
0.022634
0.017087
0.019160
0.006576
0.013514
0.026132
0.013925
0.033200
0.035912
0.022216
0.045442
0.026835
0.016122
0.047779
0.056338
0.019437
0.025431
0.006711
0.022077
0.039933
0.012419
0.048951
0.008878
0.015160
0.006171
0.057381
0.045005
0.043987
0.016122
0.010918
0.041811
0.003210
0.014748
0.076967
0.033343
0.013650
0.040655
0.039789
0.030220
0.022077
0.002942
0.017639
0.082251
0.046755
0.057231
0.013514
0.028665
0.018607
0.019160
0.032773
0.016673
0.021659
0.022077
0.015297
0.054259
0.018607
0.039069
0.020269
0.016673
0.048072
0.032916
0.012966
0.013650
0.010645
0.032205
0.030078
0.004958
0.009285
0.017363
0.052041
0.012419
0.010509
0.043406
0.005632
0.028101
0.004150
0.016260
0.013788
0.016811
0.018468
0.013514
0.042825
0.018053
0.035912
0.020825
0.036628
0.007252
0.022077
0.055001
0.003076
0.010101
0.023751
0.047779
0.047925
0.006982
0.008336
0.009829
0.079292
0.030928
0.029089
0.028101
0.011191
0.017501
0.038493
0.011463
0.026835
0.039213
0.016260
0.078671
0.053075
0.014610
0.025431
0.079292
0.034340
0.036055
0.012692
0.033200
0.027961
0.034625
0.044714
0.018053
0.014336
0.010918
0.078671
0.039213
0.021659
0.019576
0.012829
0.033485
0.002674
0.017639
0.045151
0.017777
0.012829
0.048511
0.038062
0.027538
0.015985
0.018607
0.059472
0.046755
0.082251
0.059322
0.015572
0.044277
0.030928
0.018607
0.030644
0.033770
0.078671
0.015022
0.051009
0.053963
0.015710
0.027116
0.049685
0.014610
0.060520
0.033627
0.017087
0.008200
0.023053
0.041088
0.031921
0.008065
0.017501
0.044132
0.024310
0.021242
0.032489
0.029937
0.009829
0.029513
0.007252
0.030361
0.027397
0.016536
0.014748
0.020408
0.041811
0.016949
0.047779
0.015160
0.042535
0.010373
0.033343
0.045005
0.007117
0.029371
0.015435
0.037201
0.041522
0.003076
0.008336
0.005632
0.057530
0.054704
0.036198
0.044714
0.013377
0.040655
0.060820
0.007252
0.023192
0.045005
0.032631
0.058574
0.049685
0.023611
0.059023
0.048365
0.054556
0.056338
0.016260
0.052189
0.030503
0.012966
0.052041
0.021938
0.030644
0.027116
0.080380
0.062323
0.040078
0.050862
0.022216
0.039645
0.001469
0.032205
0.055149
0.048951
0.012419
0.057381
0.057231
0.061721
0.017777
0.004285
0.029513
0.057231
0.059322
0.082251
0.026413
0.015572
0.018883
0.025711
0.046317
0.018468
0.049245
0.029937
0.025150
0.052189
0.027820
0.028242
0.010645
0.026273
0.059472
0.056338
0.023332
0.013650
0.011327
0.043261
0.018468
0.007523
0.030361
0.037919
0.012146
0.042825
0.052484
0.040222
0.013103
0.049245
0.003882
0.040511
0.048511
0.024031
0.023192
0.054852
0.058724
0.021798
0.060970
0.032489
0.033058
0.013377
0.080847
0.053963
0.006711
0.033343
0.048511
0.032063
0.005497
0.003344
0.056041
0.003344
0.010918
0.012009
0.014199
0.014062
0.005901
0.039789
0.023891
0.011054
0.009557
0.015297
0.009829
0.008471
0.004689
0.056636
0.017777
0.012692
0.022913
0.026554
0.013240
0.010645
0.030361
0.006306
0.035626
0.007929
0.008607
0.007523
0.012966
0.036771
0.023472
0.009421
0.009421
0.033485
0.002674
0.003882
0.012966
0.020825
0.001335
0.013103
0.015710
0.023751
0.005227
0.005632
0.005901
0.013514
0.015572
0.026413
0.082251
0.008471
0.003747
0.010373
0.018468
0.006306
0.011191
0.021938
0.006306
0.009285
0.078051
0.020547
0.005092
0.009829
0.010237
0.013377
0.012146
0.003479
0.002808
0.007252
0.019714
0.004554
0.006306
0.009285
0.002138
0.007794
0.008471
0.007794
0.007117
0.010101
0.004419
0.005227
0.012419
0.006847
0.007523
0.010782
0.008065
0.012966
0.014748
0.030644
0.007929
0.012419
0.044132
0.013240
0.003747
0.016260
0.012282
0.006306
0.006982
0.004419
0.007117
0.003613
0.031353
0.006711
0.005901
0.004958
0.002942
0.005497
0.011191
0.006171
0.026554
0.014062
0.004419
0.029937
0.011327
0.011463
0.013650
0.041233
0.010237
0.006982
0.006847
0.005092
0.008878
0.052927
0.009285
0.004554
0.011054
0.002942
0.027257
0.017915
0.012009
0.006576
0.009285
0.005632
0.001335
0.003613
0.026975
0.008607
0.005092
0.011463
0.009965
0.006847
0.004554
0.002808
0.009014
0.028665
0.044277
0.015572
0.008471
0.082251
0.027820
0.004419
0.011600
0.007794
0.023192
0.010237
0.011736
0.017777
0.011327
0.007252
0.018053
0.004554
0.022913
0.012009
0.020269
0.004150
0.010237
0.007794
0.014336
0.002942
0.006036
0.015572
0.008471
0.007794
0.005766
0.012009
0.005901
0.007523
0.005766
0.005092
0.005092
0.008742
0.007117
0.009150
0.011054
0.005632
0.008742
0.008065
0.025711
0.004419
0.008607
0.020547
0.004285
0.010509
0.003344
0.022077
0.007794
0.003613
0.002138
0.003747
0.032916
0.006982
0.004689
0.006036
0.007794
0.012829
0.022634
0.008336
0.024590
0.011191
0.003613
0.037631
0.014336
0.007252
0.011191
0.019992
0.013650
0.004958
0.007117
0.011463
0.004554
0.051009
0.006982
0.005362
0.016536
0.012966
0.031070
0.018468
0.009285
0.008607
0.008878
0.004419
0.001201
0.005362
0.015710
0.007117
0.007523
0.006036
0.006576
0.007523
0.004419
0.001335
0.011600
0.018607
0.030928
0.018883
0.003747
0.027820
0.082251
0.004554
0.005901
0.012692
0.026694
0.005901
0.016260
0.014610
0.004823
0.013650
0.017363
0.005227
0.020131
0.035340
0.015022
0.003613
0.015572
0.008065
0.021659
0.003613
0.006441
0.011873
0.011736
0.007658
0.007117
0.016673
0.004958
0.004689
0.006711
0.007523
0.012282
0.011191
0.008742
0.019853
0.015160
0.009693
0.011054
0.012282
0.007388
0.005092
0.006441
0.018053
0.005227
0.015297
0.003076
0.020547
0.021520
0.001603
0.006576
0.009965
0.019299
0.056636
0.019299
0.018883
0.013650
0.026413
0.032063
0.008471
0.011327
0.015160
0.011463
0.017639
0.023611
0.015847
0.041377
0.015847
0.025290
0.007929
0.042680
0.054704
0.010101
0.003747
0.016260
0.008607
0.017363
0.007252
0.025711
0.030786
0.014199
0.032773
0.013650
0.012146
0.000667
0.029654
0.019437
0.027820
0.007794
0.033770
0.014748
0.057231
0.012146
0.010101
0.015160
0.019160
0.018607
0.025711
0.010373
0.004419
0.004554
0.082251
0.018330
0.007658
0.015572
0.012829
0.020964
0.019576
0.013514
0.025290
0.012966
0.034483
0.016949
0.047194
0.023751
0.007117
0.003882
0.047925
0.014748
0.003076
0.048511
0.018745
0.011600
0.025150
0.025711
0.033058
0.002674
0.007252
0.006036
0.014473
0.025290
0.022913
0.033627
0.031070
0.036628
0.022077
0.027961
0.048072
0.010782
0.034625
0.015297
0.028948
0.005497
0.024170
0.007523
0.008878
0.013925
0.006847
0.008607
0.006576
0.017915
0.038637
0.016811
0.028383
0.011327
0.032489
0.029937
0.004016
0.013103
0.027116
0.024730
0.011327
0.027116
0.026554
0.045151
0.026554
0.031211
0.017777
0.007117
0.019576
0.030220
0.004823
0.039213
0.006171
0.019437
0.007117
0.032773
0.044423
0.041233
0.030928
0.005362
0.046025
0.001736
0.024031
0.032347
0.041956
0.009014
0.060820
0.053519
0.024031
0.014748
0.007388
0.008471
0.032773
0.030644
0.046317
0.018468
0.011600
0.005901
0.018330
0.082251
0.008607
0.018053
0.041522
0.017777
0.031211
0.024730
0.020825
0.012282
0.010918
0.025431
0.023332
0.010373
0.026413
0.006441
0.055892
0.011191
0.006576
0.010782
0.010509
0.021103
0.018468
0.008742
0.025150
0.005901
0.011054
0.004150
0.009014
0.032631
0.011327
0.010509
0.030220
0.019714
0.013788
0.047925
0.012282
0.012009
0.007117
0.026554
0.043406
0.002540
0.017225
0.012966
0.049832
0.017639
0.003882
0.004016
0.025431
0.033200
0.029089
0.052632
0.008200
0.011873
0.012146
0.015710
0.007117
0.030503
0.033912
0.008471
0.044714
0.015435
0.005632
0.011054
0.033343
0.028383
0.010918
0.009014
0.011191
0.008742
0.007658
0.017225
0.006576
0.005901
0.008607
0.043115
0.018468
0.008878
0.010782
0.005766
0.014885
0.001603
0.009693
0.018883
0.012146
0.005092
0.008065
0.018607
0.021242
0.008336
0.002808
0.019853
0.016673
0.033770
0.018468
0.006306
0.007794
0.012692
0.007658
0.008607
0.082251
0.042680
0.010645
0.018745
0.028101
0.008200
0.009421
0.020825
0.009150
0.037775
0.022356
0.012146
0.009693
0.024870
0.014473
0.028665
0.007658
0.012146
0.028242
0.020269
0.004689
0.013788
0.011873
0.003882
0.009693
0.007794
0.009150
0.027820
0.008065
0.006576
0.017363
0.017363
0.023053
0.007929
0.005632
0.017087
0.010373
0.010782
0.018745
0.002942
0.032916
0.006576
0.018468
0.032347
0.006036
0.009421
0.023053
0.081159
0.024450
0.031353
0.016398
0.012009
0.015435
0.022216
0.006711
0.037488
0.021103
0.013240
0.080225
0.054407
0.014062
0.022216
0.057231
0.051304
0.024730
0.014885
0.027116
0.011327
0.017363
0.020964
0.012419
0.016260
0.011736
0.080847
0.027820
0.014199
0.018745
0.012419
0.015710
0.002272
0.021381
0.037775
0.016673
0.008878
0.034625
0.028101
0.023751
0.011191
0.008878
0.055149
0.021659
0.078671
0.049245
0.011191
0.023192
0.026694
0.015572
0.018053
0.042680
0.082251
0.011054
0.035483
0.036771
0.013240
0.016260
0.040799
0.014885
0.082720
0.032347
0.016398
0.008607
0.023192
0.025150
0.019714
0.013650
0.017087
0.047925
0.012692
0.019714
0.027538
0.018607
0.011191
0.019437
0.019853
0.029230
0.019022
0.016949
0.017087
0.020547
0.029937
0.013788
0.025992
0.016811
0.031495
0.013788
0.019853
0.038062
0.009014
0.036771
0.011600
0.018745
0.009421
0.008878
0.010645
0.003882
0.010782
0.013377
0.013377
0.030644
0.012829
0.041522
0.036771
0.004823
0.013103
0.026694
0.015572
0.012692
0.014336
0.026132
0.038637
0.019299
0.017087
0.009014
0.012966
0.004419
0.019853
0.005766
0.019992
0.004285
0.025010
0.007388
0.016811
0.057530
0.024590
0.036198
0.031070
0.021798
0.002138
0.008336
0.015710
0.052336
0.007117
0.016536
0.051598
0.023472
0.010782
0.004419
0.007388
0.022077
0.015022
0.029937
0.021938
0.010237
0.005901
0.012829
0.041522
0.010645
0.011054
0.082251
0.006171
0.011736
0.045733
0.013240
0.009421
0.004689
0.013788
0.032205
0.044714
0.023891
0.004958
0.018468
0.006306
0.004419
0.011327
0.008200
0.016949
0.013650
0.007794
0.009693
0.013377
0.009014
0.001870
0.003210
0.029230
0.007794
0.005632
0.031070
0.015710
0.020964
0.023192
0.019022
0.014199
0.015847
0.023053
0.021798
0.003747
0.016398
0.011736
0.022913
0.034340
0.002004
0.004823
0.040366
0.047779
0.035769
0.029937
0.010782
0.019714
0.013788
0.015435
0.003210
0.017087
0.006036
0.005901
0.036628
0.033200
0.008065
0.010101
0.031353
0.035769
0.016536
0.016536
0.019160
0.007523
0.011600
0.010237
0.004016
0.008742
0.006306
0.051009
0.010918
0.008742
0.015985
0.003882
0.009693
0.000667
0.024031
0.035769
0.009693
0.007523
0.039069
0.029937
0.016122
0.003479
0.005092
0.020686
0.015297
0.051009
0.025150
0.006306
0.011736
0.016260
0.020964
0.017777
0.018745
0.035483
0.006171
0.082251
0.040511
0.005497
0.013788
0.015022
0.006982
0.051009
0.029937
0.010782
0.007388
0.013103
0.033343
0.023751
0.003344
0.017777
0.043551
0.005766
0.030928
0.018053
0.020131
0.007658
0.006036
0.008336
0.015985
0.009693
0.005497
0.006576
0.010782
0.026273
0.009693
0.018053
0.011463
0.019022
0.010237
0.012556
0.047340
0.004419
0.041522
0.005092
0.019437
0.040799
0.002138
0.004419
0.025431
0.056933
0.031353
0.020547
0.018883
0.011600
0.017777
0.040944
0.005362
0.038781
0.041667
0.029230
0.046171
0.041811
0.010101
0.034483
0.054407
0.018883
0.030078
0.010782
0.021520
0.012966
0.010782
0.024590
0.008471
0.015847
0.006576
0.056636
0.027538
0.020269
0.022356
0.006441
0.017087
0.001068
0.047779
0.054852
0.027116
0.018192
0.043115
0.030786
0.041667
0.024870
0.006847
0.030503
0.054259
0.053963
0.052189
0.009285
0.017777
0.014610
0.019576
0.031211
0.028101
0.036771
0.011736
0.040511
0.082251
0.008742
0.025711
0.041233
0.025711
0.048218
0.037201
0.009557
0.009285
0.030220
0.051451
0.031779
0.006036
0.023192
0.040222
0.041088
0.024590
0.020964
0.028242
0.006171
0.016536
0.006306
0.038206
0.016122
0.018330
0.017501
0.012282
0.058126
0.005092
0.039501
0.011600
0.049979
0.005362
0.025290
0.079603
0.004016
0.024170
0.010645
0.047632
0.006711
0.005092
0.055892
0.002674
0.012829
0.018053
0.017777
0.015297
0.013377
0.047486
0.017777
0.007929
0.011873
0.012692
0.011191
0.010645
0.006306
0.079603
0.023332
0.015710
0.024590
0.015985
0.019022
0.009557
0.028665
0.005766
0.028807
0.006036
0.011327
0.008471
0.014748
0.042970
0.026835
0.016673
0.017501
0.032631
0.001736
0.003479
0.016536
0.055298
0.004419
0.017225
0.032631
0.028948
0.004958
0.003882
0.005497
0.018607
0.015710
0.027820
0.078051
0.011327
0.004823
0.013514
0.024730
0.008200
0.013240
0.045733
0.005497
0.008742
0.082251
0.021520
0.006036
0.009014
0.011736
0.026413
0.026413
0.013788
0.003747
0.008065
0.019160
0.003882
0.012419
0.009421
0.004150
0.007523
0.006982
0.009285
0.006036
0.014610
0.005497
0.003479
0.015160
0.007523
0.013514
0.011873
0.012419
0.022495
0.015022
0.035340
0.007794
0.024870
0.033912
0.020269
0.004016
0.021938
0.010918
0.010101
0.013788
0.008742
0.004958
0.004285
0.020547
0.024870
0.019299
0.055892
0.009693
0.044859
0.039213
0.010509
0.012692
0.026132
0.020825
0.021798
0.010645
0.015710
0.032063
0.021103
0.017777
0.007794
0.016260
0.021938
0.013377
0.006576
0.019160
0.015435
0.023751
0.014473
0.024310
0.044132
0.025431
0.021520
0.017087
0.025290
0.003076
0.013788
0.015710
0.038781
0.010237
0.019714
0.017777
0.031070
0.034197
0.004554
0.017225
0.039069
0.027116
0.028242
0.020547
0.007252
0.013650
0.025290
0.020825
0.009421
0.016260
0.013240
0.013788
0.025711
0.021520
0.082251
0.015297
0.026273
0.020131
0.049832
0.019160
0.006171
0.007117
0.037488
0.021798
0.005901
0.014199
0.013514
0.016398
0.011600
0.010237
0.039789
0.005092
0.007658
0.006982
0.012966
0.033627
0.033058
0.037344
0.015435
0.048804
0.031495
0.042391
0.034625
0.017225
0.013925
0.025290
0.046317
0.002674
0.037488
0.009557
0.043841
0.017915
0.003210
0.003613
0.005497
0.055892
0.016949
0.009557
0.015160
0.006711
0.013377
0.017639
0.004689
0.032631
0.015710
0.008607
0.040655
0.034625
0.006982
0.015022
0.050567
0.011191
0.006982
0.008742
0.014610
0.004150
0.009014
0.004285
0.009965
0.011873
0.005362
0.053815
0.010373
0.010101
0.011463
0.009829
0.004285
0.002138
0.017777
0.023192
0.009829
0.006306
0.009557
0.009150
0.013650
0.009150
0.007252
0.025010
0.020269
0.049685
0.010645
0.005092
0.018053
0.017363
0.012966
0.012282
0.020825
0.040799
0.009421
0.015022
0.041233
0.006036
0.015297
0.082251
0.011736
0.034197
0.019022
0.010237
0.004150
0.038781
0.020547
0.013103
0.003882
0.012419
0.027820
0.026835
0.017777
0.014062
0.019714
0.010645
0.004823
0.003344
0.015022
0.014336
0.018468
0.015435
0.013788
0.025431
0.007117
0.014473
0.009421
0.025571
0.007658
0.007658
0.026554
0.005632
0.018883
0.004554
0.029937
0.025010
0.002406
0.007794
0.004823
0.016673
0.025150
0.005227
0.011327
0.003747
0.012692
0.020686
0.004823
0.011191
0.012146
0.010782
0.013377
0.020131
0.015710
0.046317
0.010509
0.015022
0.007117
0.020964
0.050126
0.005362
0.004285
0.007658
0.004554
0.019576
0.008607
0.020686
0.019576
0.008742
0.011873
0.006036
0.005901
0.000801
0.021103
0.015160
0.011191
0.003882
0.012419
0.007117
0.053223
0.005497
0.002942
0.015985
0.016673
0.014610
0.026273
0.009829
0.004554
0.005227
0.034483
0.010918
0.009150
0.014885
0.004689
0.006982
0.025711
0.009014
0.026273
0.011736
0.082251
0.015435
0.023053
0.006576
0.004689
0.002406
0.019299
0.013377
0.005632
0.024590
0.012009
0.005497
0.008065
0.017639
0.041377
0.002406
0.003613
0.010101
0.013925
0.015022
0.030786
0.046317
0.018053
0.033627
0.006306
0.019576
0.023472
0.009421
0.017777
0.010782
0.021520
0.002674
0.016398
0.002674
0.013240
0.039789
0.005497
0.007388
0.026835
0.081315
0.032916
0.043406
0.019992
0.013925
0.017915
0.025431
0.006171
0.049245
0.020131
0.013788
0.079292
0.057828
0.013514
0.023192
0.060970
0.057828
0.032773
0.012692
0.031211
0.019853
0.015022
0.028948
0.011191
0.018192
0.011054
0.081627
0.036341
0.025571
0.022774
0.014885
0.019437
0.001870
0.028807
0.056636
0.024730
0.009285
0.053371
0.047486
0.033200
0.009557
0.006576
0.049245
0.048072
0.060520
0.059472
0.010237
0.022913
0.020131
0.016949
0.025431
0.037775
0.082720
0.013788
0.051009
0.048218
0.011736
0.020131
0.034197
0.015435
0.082251
0.041811
0.014885
0.009285
0.030928
0.035054
0.023891
0.008065
0.017225
0.046025
0.013650
0.023891
0.028242
0.024730
0.010782
0.026835
0.010373
0.032489
0.022495
0.013925
0.014885
0.022077
0.045879
0.015022
0.044568
0.020408
0.041377
0.015297
0.025571
0.053075
0.006171
0.031070
0.015022
0.029513
0.018330
0.002138
0.005766
0.010509
0.039501
0.045588
0.049685
0.038062
0.019022
0.048804
0.057679
0.007388
0.024310
0.025010
0.015022
0.049098
0.025851
0.021381
0.053963
0.026694
0.047925
0.009693
0.048658
0.030786
0.005227
0.006982
0.009285
0.016122
0.040655
0.039789
0.049832
0.055149
0.016811
0.057828
0.026132
0.009693
0.000801
0.033770
0.012556
0.045442
0.011327
0.035340
0.031921
0.054407
0.015160
0.008742
0.021242
0.032916
0.033627
0.056338
0.013377
0.012009
0.035340
0.047194
0.023332
0.022356
0.032347
0.032205
0.029937
0.037201
0.026413
0.049832
0.019022
0.023053
0.041811
0.082251
0.055743
0.007794
0.010373
0.043987
0.021103
0.006171
0.044859
0.027257
0.017363
0.041522
0.028383
0.041233
0.008878
0.016398
0.006441
0.013240
0.038925
0.025150
0.028524
0.050273
0.050126
0.037631
0.055149
0.055446
0.015847
0.027116
0.037631
0.058425
0.004419
0.060071
0.008471
0.046317
0.011463
0.002674
0.010101
0.003747
0.015297
0.011054
0.023891
0.017639
0.008471
0.021520
0.040078
0.005497
0.011873
0.008065
0.003747
0.016673
0.016811
0.022634
0.031070
0.015847
0.021938
0.004554
0.030503
0.013788
0.004150
0.011463
0.006306
0.003747
0.039789
0.007523
0.019299
0.047047
0.005227
0.019299
0.057082
0.007658
0.000934
0.005227
0.010782
0.023332
0.005901
0.007658
0.013240
0.021381
0.002942
0.004554
0.011736
0.012966
0.017087
0.023332
0.012146
0.020269
0.015022
0.023751
0.010373
0.012146
0.016398
0.044714
0.010782
0.009557
0.026413
0.019160
0.010237
0.006576
0.014885
0.055743
0.082251
0.007523
0.006576
0.010645
0.007794
0.003479
0.007523
0.010373
0.004823
0.019022
0.014336
0.027397
0.008607
0.006171
0.004285
0.004958
0.008065
0.014062
0.017915
0.020686
0.015985
0.020686
0.020408
0.034340
0.010373
0.026554
0.022495
0.014473
0.007523
0.035340
0.005632
0.013103
0.021520
0.002674
0.002942
0.002004
0.005766
0.016122
0.007252
0.005766
0.015022
0.009557
0.002942
0.003747
0.006441
0.007252
0.012282
0.005092
0.010237
0.005497
0.013103
0.013650
0.006441
0.009557
0.002942
0.005766
0.013650
0.002540
0.012829
0.002138
0.007658
0.004285
0.008336
0.020547
0.006847
0.006847
0.002808
0.016260
0.001068
0.018883
0.012556
0.020686
0.007658
0.029795
0.057082
0.017777
0.008336
0.002004
0.004150
0.013650
0.008200
0.013650
0.003479
0.004150
0.003613
0.007117
0.026413
0.009693
0.008607
0.023891
0.007388
0.009285
0.013788
0.006171
0.004150
0.004689
0.009285
0.007794
0.007523
0.082251
0.005092
0.011054
0.004285
0.008336
0.010782
0.009693
0.012146
0.004689
0.009965
0.005227
0.002540
0.006306
0.002540
0.017915
0.007117
0.003076
0.007658
0.011873
0.017225
0.006441
0.009285
0.003210
0.007117
0.005766
0.006306
0.015710
0.001603
0.004285
0.009557
0.010101
0.007523
0.002138
0.002272
0.012419
0.052927
0.006171
0.012419
0.010373
0.006576
0.010918
0.019022
0.002272
0.028101
0.012829
0.005632
0.023053
0.015022
0.004554
0.004689
0.032916
0.010101
0.005497
0.002004
0.004419
0.003210
0.006036
0.002540
0.002540
0.015297
0.001469
0.032063
0.011327
0.011191
0.008742
0.004419
0.002674
0.001603
0.017501
0.018468
0.011191
0.003747
0.005227
0.008878
0.007794
0.006036
0.002138
0.016949
0.010645
0.023053
0.011327
0.002808
0.010237
0.015572
0.003882
0.006441
0.024870
0.023192
0.004958
0.013103
0.030220
0.003747
0.007117
0.038781
0.002406
0.030928
0.010373
0.006576
0.005092
0.082251
0.009421
0.010101
0.002540
0.006576
0.010918
0.008336
0.010918
0.004958
0.006441
0.009829
0.005362
0.002272
0.011873
0.006982
0.005092
0.003613
0.008471
0.032205
0.003076
0.023751
0.005632
0.027820
0.004016
0.010645
0.017087
0.001870
0.008742
0.004016
0.026413
0.037058
0.003479
0.002540
0.015297
0.027257
0.047779
0.025992
0.047340
0.027116
0.036914
0.042246
0.006306
0.011327
0.031637
0.022495
0.022913
0.043406
0.010373
0.024450
0.031495
0.027679
0.008336
0.014748
0.039645
0.011054
0.004554
0.021381
0.007117
0.021103
0.008336
0.040944
0.039213
0.029937
0.020408
0.004689
0.015297
0.001335
0.042825
0.027820
0.022077
0.009285
0.055446
0.045588
0.041233
0.028948
0.022634
0.019714
0.032205
0.041088
0.043261
0.007252
0.007794
0.008065
0.047925
0.055892
0.014473
0.025150
0.018468
0.033343
0.051451
0.008065
0.037488
0.020547
0.019299
0.035054
0.043987
0.010645
0.011054
0.009421
0.082251
0.011327
0.004554
0.028948
0.024450
0.018053
0.026975
0.046317
0.042535
0.003613
0.010101
0.007658
0.025150
0.036628
0.012282
0.010237
0.022913
0.048218
0.015160
0.045879
0.015985
0.022216
0.009693
0.013925
0.052041
0.003613
0.036628
0.006847
0.057679
0.011600
0.003344
0.009285
0.009285
0.028101
0.026273
0.019160
0.005497
0.016398
0.019576
0.012146
0.016260
0.043696
0.013240
0.009285
0.040655
0.008607
0.016260
0.009014
0.031779
0.024870
0.014062
0.021242
0.013788
0.019853
0.017501
0.018745
0.007252
0.007252
0.014885
0.030503
0.014885
0.009965
0.009557
0.007388
0.020547
0.002004
0.009014
0.029795
0.017225
0.002540
0.010918
0.011736
0.032347
0.006982
0.002808
0.008742
0.030078
0.031921
0.018468
0.019714
0.014336
0.021659
0.014748
0.011191
0.028665
0.019714
0.006306
0.023751
0.031779
0.019160
0.021798
0.013103
0.013377
0.023891
0.021103
0.007794
0.004285
0.010101
0.011327
0.082251
0.005632
0.013925
0.033343
0.006847
0.006171
0.004823
0.022913
0.006036
0.009150
0.010237
0.015435
0.010645
0.009557
0.010237
0.008742
0.017501
0.017777
0.008065
0.034911
0.015297
0.019299
0.008878
0.041522
0.005497
0.018607
0.005766
0.022495
0.012009
0.001603
0.005766
0.006847
0.006576
0.011600
0.004554
0.002540
0.009557
0.008336
0.003210
0.002272
0.003882
0.004016
0.004150
0.007388
0.004285
0.004823
0.004554
0.005497
0.010918
0.015160
0.006847
0.006576
0.005092
0.002674
0.010782
0.004285
0.003882
0.007252
0.005632
0.009965
0.003613
0.006306
0.002406
0.005092
0.000534
0.002942
0.004554
0.005362
0.002674
0.014610
0.015435
0.009829
0.006171
0.003479
0.006036
0.004958
0.008065
0.007523
0.004554
0.002942
0.003613
0.003076
0.006576
0.007658
0.013650
0.004419
0.003344
0.006036
0.003882
0.005901
0.003882
0.005632
0.008065
0.006171
0.003479
0.008336
0.002540
0.004554
0.005632
0.082251
0.004285
0.008878
0.003076
0.004419
0.016122
0.003479
0.003344
0.005632
0.049832
0.008200
0.004285
0.002272
0.002808
0.004285
0.006711
0.005362
0.003882
0.003882
0.005497
0.003210
0.004554
0.016673
0.001736
0.004958
0.003747
0.004958
0.022774
0.001201
0.005362
0.008878
0.017501
0.057381
0.011191
0.024170
0.006441
0.022077
0.016260
0.002272
0.010645
0.016811
0.019022
0.018745
0.016260
0.017639
0.054556
0.015297
0.021381
0.008742
0.037775
0.026835
0.009014
0.003882
0.011463
0.004958
0.013788
0.006847
0.022913
0.029937
0.014336
0.046317
0.004554
0.008336
0.000934
0.051451
0.012829
0.032631
0.008200
0.027397
0.023751
0.056487
0.018192
0.004823
0.009829
0.009285
0.017501
0.030361
0.006306
0.006036
0.006441
0.048511
0.010782
0.012146
0.017087
0.011327
0.017777
0.023192
0.012419
0.014199
0.012419
0.024590
0.017225
0.044859
0.007523
0.010782
0.006576
0.028948
0.013925
0.004285
0.082251
0.024310
0.012282
0.021103
0.017777
0.011463
0.003076
0.004823
0.004150
0.029230
0.045005
0.019576
0.039357
0.053667
0.038062
0.008742
0.017225
0.015985
0.014473
0.019160
0.009557
0.033485
0.003210
0.033058
0.008065
0.015710
0.034625
0.002540
0.006847
0.011463
0.039789
0.059921
0.029089
0.012282
0.019160
0.024870
0.016673
0.003747
0.039789
0.009285
0.008742
0.057082
0.040944
0.009150
0.020408
0.050126
0.036198
0.047194
0.027397
0.033912
0.014199
0.011327
0.028242
0.017915
0.009150
0.007658
0.053519
0.024730
0.010101
0.015297
0.009829
0.021381
0.001201
0.017087
0.040799
0.011736
0.006441
0.035912
0.043406
0.038781
0.006982
0.007658
0.018607
0.017363
0.044132
0.037919
0.009285
0.015572
0.011873
0.018745
0.010509
0.028242
0.047925
0.008200
0.043551
0.040222
0.009421
0.013514
0.027820
0.012009
0.046025
0.027257
0.010373
0.009693
0.010918
0.024450
0.033343
0.008878
0.024310
0.082251
0.010373
0.011463
0.029795
0.015985
0.005766
0.018330
0.015297
0.026975
0.022077
0.011463
0.012282
0.028807
0.035197
0.016260
0.010101
0.016949
0.052632
0.022774
0.017915
0.052484
0.010645
0.030644
0.020964
0.013103
0.010918
0.005497
0.001335
0.003210
0.018468
0.013788
0.005632
0.015297
0.002674
0.005901
0.005901
0.005227
0.019022
0.037919
0.028524
0.022774
0.014885
0.003076
0.030644
0.030786
0.006036
0.004150
0.002406
0.008878
0.013377
0.004016
0.023472
0.005092
0.004554
0.002808
0.027679
0.021520
0.012966
0.012009
0.003076
0.023053
0.002138
0.012419
0.027538
0.012829
0.015160
0.010237
0.020269
0.012692
0.027679
0.003344
0.008878
0.052041
0.024310
0.012146
0.002138
0.008471
0.011736
0.011600
0.021103
0.020269
0.012692
0.016949
0.005766
0.041088
0.004150
0.016398
0.026835
0.005497
0.013650
0.017363
0.004823
0.012146
0.008336
0.018053
0.006847
0.003076
0.012282
0.010373
0.082251
0.006036
0.003479
0.010918
0.002808
0.004554
0.001201
0.007794
0.038493
0.017087
0.021659
0.018607
0.019437
0.009285
0.011327
0.002406
0.017639
0.003076
0.002004
0.035197
0.001335
0.011873
0.004823
0.021938
0.008878
0.000667
0.002540
0.007388
0.024590
0.020131
0.009421
0.022913
0.011054
0.030503
0.047779
0.002540
0.008336
0.009421
0.010782
0.019992
0.020547
0.012692
0.034197
0.018330
0.020825
0.010373
0.011327
0.030928
0.004958
0.003479
0.004285
0.007523
0.027116
0.008471
0.034625
0.036055
0.018053
0.038637
0.008742
0.003613
0.000400
0.029371
0.014885
0.025571
0.002674
0.020131
0.012966
0.033058
0.007523
0.004285
0.010918
0.012419
0.021242
0.042825
0.007794
0.007794
0.007658
0.025150
0.018468
0.004689
0.019714
0.013650
0.030928
0.024590
0.007523
0.011600
0.017777
0.008065
0.023891
0.041522
0.019022
0.004689
0.010918
0.026975
0.006171
0.004419
0.021103
0.011463
0.006036
0.082251
0.036628
0.013240
0.050567
0.006847
0.003613
0.017363
0.019714
0.012692
0.017225
0.044277
0.030786
0.004823
0.040511
0.019992
0.009150
0.007658
0.023332
0.049098
0.004689
0.030078
0.006171
0.015022
0.051009
0.001335
0.003479
0.007252
0.026132
0.051156
0.025150
0.025711
0.023891
0.028948
0.043696
0.005901
0.004419
0.022077
0.014062
0.032916
0.042970
0.007117
0.018745
0.013788
0.028807
0.025711
0.019022
0.052927
0.006576
0.004419
0.016949
0.016949
0.009965
0.017915
0.034768
0.038781
0.011054
0.013103
0.006982
0.005092
0.000400
0.024031
0.013103
0.009693
0.003076
0.027116
0.030928
0.053371
0.012966
0.007117
0.024450
0.010509
0.032489
0.052484
0.008471
0.005766
0.007117
0.025711
0.008742
0.013788
0.027538
0.007794
0.018053
0.020964
0.006982
0.010237
0.014062
0.017639
0.028242
0.028383
0.014336
0.009965
0.004958
0.046317
0.004823
0.016122
0.017777
0.029795
0.003479
0.036628
0.082251
0.024450
0.008471
0.011054
0.010918
0.031779
0.029089
0.009557
0.014610
0.034340
0.035340
0.013103
0.036628
0.017087
0.010237
0.014748
0.025150
0.028242
0.007388
0.023192
0.012009
0.009150
0.031637
0.001469
0.003076
0.004285
0.021938
0.029230
0.022077
0.023891
0.004150
0.014199
0.033912
0.007929
0.026835
0.026975
0.007523
0.028948
0.033200
0.010373
0.037201
0.019437
0.026975
0.006576
0.019022
0.037775
0.005632
0.017639
0.010918
0.008336
0.018468
0.010373
0.041811
0.025571
0.018607
0.015710
0.018053
0.006982
0.000667
0.016949
0.033912
0.015022
0.003747
0.014748
0.014336
0.045588
0.007117
0.005901
0.017363
0.043406
0.029937
0.040222
0.007794
0.012009
0.016673
0.033058
0.025150
0.011873
0.018607
0.009693
0.020131
0.028242
0.009285
0.039789
0.019714
0.041377
0.024730
0.041233
0.027397
0.005227
0.006441
0.042535
0.022913
0.003479
0.011463
0.015985
0.010918
0.013240
0.024450
0.082251
0.004150
0.006441
0.003747
0.011463
0.023192
0.057231
0.052189
0.016398
0.046463
0.017501
0.033627
0.028383
0.011600
0.015572
0.024450
0.031637
0.008471
0.024170
0.004285
0.024870
0.003479
0.000934
0.005632
0.004150
0.010918
0.004554
0.004689
0.008065
0.003613
0.011463
0.017087
0.001201
0.006576
0.003747
0.003344
0.009285
0.007117
0.008607
0.005092
0.011191
0.009829
0.004958
0.004958
0.003613
0.004016
0.002942
0.003076
0.004016
0.011600
0.003613
0.011873
0.009965
0.012419
0.018468
0.012419
0.002138
0.000400
0.006171
0.006171
0.017777
0.001201
0.005901
0.004419
0.007117
0.004285
0.002406
0.005901
0.005632
0.009829
0.013103
0.007117
0.005901
0.004958
0.002674
0.005901
0.003882
0.011191
0.013377
0.007658
0.006171
0.006036
0.005092
0.010645
0.002406
0.010782
0.008878
0.008607
0.002540
0.009829
0.003613
0.006036
0.003344
0.003076
0.005766
0.002808
0.050567
0.008471
0.004150
0.082251
0.004285
0.002138
0.005766
0.005497
0.005766
0.004554
0.008742
0.008742
0.001736
0.010782
0.009150
0.007794
0.004016
0.007794
0.012966
0.006847
0.009693
0.006982
0.008471
0.009965
0.003344
0.004285
0.004016
0.022356
0.016260
0.038781
0.010373
0.006847
0.011736
0.022495
0.004689
0.008065
0.016260
0.006306
0.024870
0.009014
0.007117
0.008200
0.029371
0.024310
0.059621
0.005901
0.008607
0.036628
0.007523
0.036771
0.026132
0.002942
0.005901
0.030786
0.032347
0.012556
0.016260
0.010373
0.033627
0.001068
0.004689
0.016811
0.016122
0.005362
0.025431
0.033343
0.011054
0.006441
0.003479
0.011054
0.028101
0.029513
0.049245
0.010101
0.007523
0.004689
0.007252
0.011054
0.009693
0.019437
0.009014
0.006036
0.016536
0.014610
0.007658
0.004823
0.003613
0.026835
0.016398
0.006171
0.006306
0.005362
0.010101
0.009150
0.005632
0.004823
0.018330
0.004554
0.006847
0.011054
0.006441
0.004285
0.082251
0.002674
0.010918
0.009693
0.003210
0.003344
0.007117
0.015847
0.014473
0.029937
0.016949
0.019160
0.008200
0.053667
0.025711
0.002272
0.008878
0.051009
0.007523
0.012009
0.001870
0.005901
0.012829
0.008336
0.018330
0.005632
0.001335
0.010509
0.007523
0.004823
0.002808
0.004823
0.002942
0.001201
0.006576
0.008471
0.007794
0.005766
0.003076
0.020131
0.013377
0.019714
0.012966
0.003613
0.005362
0.008336
0.004285
0.006036
0.007252
0.004823
0.007252
0.003747
0.003210
0.003344
0.005227
0.000667
0.001603
0.006036
0.003747
0.002808
0.013240
0.004958
0.007794
0.001068
0.001736
0.006711
0.004150
0.007252
0.003882
0.004419
0.005766
0.006711
0.006036
0.004150
0.007794
0.019853
0.001870
0.008336
0.006306
0.005497
0.006982
0.003344
0.010101
0.010373
0.006441
0.004285
0.002540
0.002272
0.007658
0.010237
0.049832
0.004150
0.015297
0.001201
0.003613
0.010918
0.003747
0.002138
0.002674
0.082251
0.007929
0.002808
0.003479
0.006847
0.005766
0.006576
0.007929
0.002272
0.005632
0.004958
0.009829
0.004150
0.019714
0.002808
0.011463
0.002406
0.004419
0.039789
0.000801
0.003747
0.012009
0.028101
0.032489
0.012966
0.022077
0.006036
0.012966
0.015847
0.002272
0.009014
0.014610
0.019437
0.028242
0.023053
0.006847
0.021938
0.019437
0.015297
0.029089
0.007929
0.029230
0.017777
0.004823
0.025290
0.006036
0.007929
0.003479
0.034768
0.017777
0.017501
0.019022
0.002942
0.012966
0.000400
0.055298
0.031637
0.014336
0.002808
0.036198
0.034911
0.040944
0.013377
0.005497
0.011873
0.016260
0.030361
0.040511
0.005227
0.005092
0.007523
0.014473
0.009014
0.009150
0.029230
0.003210
0.015985
0.038206
0.003479
0.012966
0.015022
0.013925
0.032489
0.013240
0.004958
0.017915
0.011873
0.025150
0.015435
0.008200
0.029230
0.026975
0.007794
0.017363
0.031779
0.011463
0.005766
0.010918
0.007929
0.082251
0.013377
0.009557
0.020825
0.017225
0.048951
0.005901
0.022077
0.008607
0.029230
0.005901
0.019160
0.038062
0.002138
0.015297
0.028665
0.010237
0.012282
0.005632
0.004150
0.006171
0.022077
0.053519
0.028101
0.054407
0.021520
0.049245
0.039213
0.006171
0.009150
0.040366
0.023192
0.027116
0.019022
0.008065
0.039069
0.018192
0.040222
0.013925
0.012282
0.051746
0.023332
0.012556
0.040222
0.027257
0.017087
0.023192
0.035912
0.053963
0.027820
0.034197
0.019437
0.034340
0.001603
0.016398
0.015710
0.031921
0.006847
0.019299
0.037631
0.049098
0.024310
0.001870
0.011054
0.013788
0.027397
0.048511
0.012419
0.005092
0.012282
0.025290
0.032631
0.027820
0.019022
0.029230
0.009693
0.016122
0.015160
0.033627
0.014336
0.015022
0.022495
0.038925
0.008065
0.007117
0.006982
0.036628
0.010645
0.004285
0.045005
0.022077
0.038493
0.019714
0.029089
0.023192
0.005497
0.009693
0.002808
0.013377
0.082251
0.032063
0.027116
0.079758
0.032205
0.031070
0.045733
0.016122
0.009693
0.016398
0.030078
0.024031
0.009965
0.027257
0.019714
0.021381
0.010237
0.002004
0.002674
0.002808
0.016536
0.022216
0.011463
0.031211
0.001335
0.010509
0.028524
0.002942
0.019714
0.016398
0.009014
0.020686
0.013377
0.007929
0.047047
0.013925
0.016536
0.004554
0.009557
0.022077
0.005227
0.009150
0.008742
0.009693
0.016122
0.005227
0.025290
0.020825
0.019437
0.020964
0.015710
0.005227
0.000801
0.010101
0.018053
0.022495
0.004823
0.010645
0.007794
0.037201
0.005362
0.002942
0.010373
0.016811
0.016536
0.024031
0.006847
0.008742
0.011191
0.022913
0.011327
0.008065
0.016949
0.007794
0.005497
0.018330
0.007523
0.033058
0.018468
0.030786
0.013925
0.025150
0.014062
0.003076
0.005092
0.012282
0.009557
0.002272
0.019576
0.011463
0.017087
0.012692
0.009557
0.057231
0.005766
0.003210
0.003479
0.009557
0.032063
0.082251
0.060820
0.029371
0.038062
0.003613
0.018745
0.012419
0.009014
0.007929
0.012692
0.018053
0.003479
0.022774
0.006306
0.009693
0.021103
0.001335
0.005632
0.002138
0.016122
0.029230
0.009557
0.028101
0.001603
0.012146
0.015710
0.002004
0.013514
0.010782
0.013240
0.017363
0.023472
0.018883
0.055446
0.012009
0.019437
0.004823
0.015572
0.037488
0.005901
0.004016
0.011873
0.008471
0.027538
0.008607
0.021659
0.023611
0.017087
0.016949
0.011736
0.009965
0.000267
0.020686
0.018883
0.019853
0.003479
0.011463
0.009693
0.049832
0.011054
0.002138
0.010645
0.018468
0.014748
0.023192
0.007523
0.007117
0.008742
0.033627
0.010509
0.006576
0.017087
0.005632
0.006576
0.017501
0.013514
0.037344
0.015435
0.046317
0.014885
0.028524
0.017915
0.007658
0.003613
0.010237
0.010237
0.002808
0.039357
0.012282
0.021659
0.017225
0.014610
0.052189
0.004554
0.003344
0.006847
0.020825
0.027116
0.060820
0.082251
0.041233
0.051893
0.007523
0.024031
0.013650
0.006171
0.014336
0.014336
0.023751
0.005497
0.033058
0.004419
0.008336
0.014748
0.002674
0.003747
0.004554
0.022913
0.052632
0.015847
0.042391
0.015710
0.046171
0.042246
0.004554
0.011736
0.025851
0.015847
0.029089
0.028807
0.012556
0.058276
0.015435
0.036914
0.013240
0.023611
0.054852
0.015022
0.009150
0.022495
0.014610
0.048658
0.026694
0.035197
0.056636
0.024170
0.047047
0.023053
0.015435
0.000934
0.019853
0.018192
0.026835
0.004554
0.030078
0.039645
0.053371
0.013925
0.002138
0.010373
0.013514
0.020408
0.054852
0.010782
0.009150
0.019853
0.031070
0.030220
0.017363
0.020547
0.031070
0.010782
0.012282
0.011873
0.015435
0.013788
0.018053
0.022077
0.050273
0.020686
0.011873
0.008471
0.022913
0.008742
0.004285
0.053667
0.028807
0.018607
0.044277
0.034340
0.016398
0.008742
0.007117
0.005766
0.017225
0.079758
0.029371
0.041233
0.082251
0.038062
0.017501
0.045588
0.021103
0.009150
0.015847
0.030928
0.028524
0.010782
0.024730
0.015160
0.020686
0.060370
0.001870
0.004958
0.008742
0.045588
0.053667
0.034768
0.057977
0.016536
0.035912
0.053519
0.006711
0.027820
0.042391
0.037201
0.043406
0.052484
0.014336
0.049979
0.032773
0.034911
0.021520
0.013650
0.029089
0.010918
0.010101
0.016673
0.019992
0.052779
0.014473
0.048804
0.046025
0.032916
0.045879
0.012829
0.014885
0.001335
0.053519
0.043987
0.039501
0.012966
0.047925
0.045588
0.058724
0.026975
0.006576
0.025571
0.042825
0.041811
0.058724
0.008065
0.011054
0.015160
0.036628
0.019714
0.017363
0.029937
0.015710
0.026273
0.058126
0.012419
0.048804
0.025431
0.033627
0.045879
0.050126
0.015985
0.017225
0.032205
0.048218
0.017501
0.006711
0.038062
0.035197
0.019437
0.030786
0.035340
0.046463
0.008742
0.015847
0.006576
0.048951
0.032205
0.038062
0.051893
0.038062
0.082251
0.014473
0.058276
0.018883
0.039357
0.011191
0.048511
0.059322
0.004016
0.036628
0.029371
0.039789
0.006576
0.017363
0.005901
0.005092
0.009693
0.046463
0.026554
0.012966
0.019160
0.030786
0.011600
0.026273
0.009285
0.014885
0.005901
0.017915
0.009014
0.009965
0.012009
0.014885
0.033627
0.014336
0.012692
0.013377
0.020131
0.010101
0.033200
0.027116
0.008878
0.045442
0.016949
0.039357
0.010373
0.016673
0.010509
0.033343
0.004285
0.005362
0.009557
0.020964
0.004823
0.019714
0.017363
0.022634
0.008607
0.003210
0.009285
0.018053
0.016949
0.021798
0.012966
0.005632
0.009693
0.022077
0.013788
0.023053
0.013788
0.020964
0.009693
0.005092
0.022495
0.031495
0.007117
0.006306
0.015022
0.037631
0.020686
0.006441
0.003076
0.015160
0.017777
0.005362
0.008742
0.016260
0.009285
0.004823
0.013103
0.017501
0.001736
0.014473
0.007929
0.005901
0.031070
0.003613
0.007523
0.017501
0.014473
0.082251
0.009829
0.025290
0.004689
0.025571
0.017225
0.022634
0.006711
0.015985
0.010645
0.011873
0.027257
0.001870
0.003076
0.006171
0.043987
0.034483
0.025992
0.079447
0.016949
0.050126
0.080536
0.004016
0.012146
0.032773
0.020547
0.028242
0.037919
0.010237
0.050567
0.027116
0.031353
0.024870
0.005901
0.043696
0.015710
0.006036
0.019437
0.015435
0.048951
0.014336
0.057828
0.050862
0.044423
0.048658
0.016122
0.017225
0.000801
0.046901
0.034483
0.049391
0.011463
0.052927
0.051893
0.043696
0.020547
0.004419
0.019992
0.035912
0.047779
0.060970
0.014748
0.008742
0.011054
0.027961
0.047925
0.007929
0.025992
0.023192
0.018053
0.039501
0.015022
0.042391
0.014473
0.019576
0.044568
0.055149
0.020408
0.009285
0.023751
0.045879
0.008065
0.003882
0.017225
0.010101
0.011327
0.040511
0.036628
0.033627
0.010782
0.029937
0.002272
0.022077
0.045733
0.018745
0.024031
0.045588
0.058276
0.009829
0.082251
0.033200
0.019714
0.006982
0.058574
0.046463
0.002942
0.023751
0.026132
0.034768
0.008336
0.001870
0.010509
0.003882
0.018330
0.037058
0.023611
0.019160
0.016673
0.048658
0.044423
0.005092
0.019576
0.005632
0.008878
0.024450
0.010918
0.024590
0.021938
0.017639
0.034483
0.013925
0.055892
0.032773
0.006711
0.006576
0.009421
0.011600
0.020964
0.029513
0.024310
0.043261
0.015572
0.032205
0.030644
0.009421
0.000934
0.012419
0.015022
0.039501
0.003747
0.023192
0.014336
0.050567
0.005227
0.004689
0.010509
0.020825
0.015160
0.032489
0.030644
0.008065
0.012282
0.048072
0.012282
0.005632
0.016811
0.019022
0.011463
0.011600
0.035340
0.034625
0.009421
0.023472
0.020408
0.055446
0.034340
0.003210
0.005632
0.015985
0.034911
0.003882
0.015985
0.016949
0.002406
0.019992
0.017087
0.028383
0.009150
0.016949
0.005632
0.008607
0.016122
0.012419
0.013650
0.021103
0.018883
0.025290
0.033200
0.082251
0.008065
0.059621
0.034768
0.039213
0.009421
0.032773
0.007252
0.012282
0.022634
0.002674
0.006441
0.015160
0.039213
0.029371
0.023332
0.017915
0.006711
0.012419
0.026835
0.003210
0.029513
0.017225
0.009150
0.034340
0.020131
0.010373
0.015022
0.052336
0.015572
0.025992
0.009829
0.009557
0.019992
0.007794
0.019299
0.008200
0.011463
0.002138
0.050126
0.024450
0.019992
0.020131
0.009421
0.011600
0.001335
0.039357
0.052632
0.023472
0.018192
0.024310
0.048072
0.021798
0.015435
0.008471
0.009285
0.036628
0.042535
0.033058
0.007929
0.025711
0.007388
0.010782
0.012009
0.017087
0.031495
0.014199
0.019022
0.049979
0.007794
0.017225
0.025571
0.009421
0.041377
0.015847
0.010373
0.007117
0.027820
0.022216
0.015297
0.005497
0.014473
0.052632
0.017639
0.009150
0.010237
0.011600
0.007794
0.019160
0.004958
0.029230
0.009693
0.009014
0.006171
0.009150
0.039357
0.004689
0.019714
0.008065
0.082251
0.009693
0.020408
0.055149
0.002942
0.019714
0.021659
0.023332
0.009014
0.004016
0.015710
0.008471
0.011600
0.036771
0.034055
0.010373
0.021242
0.028524
0.007523
0.004150
0.019853
0.002808
0.005362
0.013788
0.013103
0.021103
0.011054
0.013514
0.032916
0.010101
0.060370
0.024450
0.007929
0.005497
0.007523
0.007388
0.016260
0.014885
0.015985
0.026694
0.007117
0.018468
0.031353
0.008200
0.000934
0.005632
0.013240
0.025851
0.002406
0.011191
0.019160
0.032631
0.002272
0.004016
0.007252
0.007252
0.010373
0.013377
0.012419
0.004419
0.005092
0.034625
0.007117
0.010373
0.013788
0.015847
0.010237
0.005362
0.024870
0.013925
0.007658
0.017777
0.015297
0.027116
0.026554
0.005766
0.004016
0.009693
0.019299
0.003210
0.019160
0.022774
0.003076
0.007658
0.014748
0.015572
0.004016
0.008200
0.009829
0.005901
0.016398
0.007929
0.014336
0.015847
0.011191
0.025571
0.006982
0.059621
0.009693
0.082251
0.008065
0.019714
0.032916
0.015710
0.005632
0.005362
0.015847
0.001870
0.007117
0.006847
0.021103
0.042391
0.051009
0.039933
0.008336
0.045005
0.059322
0.004150
0.013514
0.040799
0.015985
0.023611
0.011054
0.020686
0.037344
0.022077
0.044714
0.061121
0.014336
0.022216
0.020269
0.008878
0.032489
0.022356
0.012829
0.022774
0.040366
0.051598
0.043261
0.046171
0.013650
0.024730
0.000934
0.014748
0.031495
0.041667
0.007658
0.034768
0.040944
0.046609
0.012829
0.004554
0.013925
0.022077
0.033343
0.080847
0.044132
0.008607
0.006441
0.015297
0.026554
0.010782
0.019853
0.023053
0.012556
0.025290
0.033912
0.025290
0.007658
0.010782
0.025571
0.037631
0.022495
0.006306
0.010645
0.013925
0.008878
0.004554
0.009557
0.017915
0.002004
0.023332
0.025150
0.024450
0.007794
0.053667
0.004150
0.019160
0.030078
0.012692
0.014336
0.030928
0.048511
0.017225
0.058574
0.034768
0.020408
0.008065
0.082251
0.041811
0.002540
0.030361
0.055149
0.006847
0.032631
0.002406
0.005632
0.017087
0.045879
0.052779
0.036628
0.028524
0.028524
0.046901
0.038637
0.010101
0.033770
0.036771
0.034911
0.043551
0.031070
0.025150
0.046171
0.046609
0.041956
0.037201
0.033627
0.028948
0.020547
0.011600
0.025851
0.018192
0.023751
0.018468
0.052927
0.056338
0.031495
0.055149
0.009557
0.023053
0.001603
0.050567
0.046755
0.048804
0.023472
0.055595
0.049979
0.047047
0.036341
0.008200
0.021659
0.055001
0.045005
0.053963
0.013240
0.020547
0.018053
0.028948
0.043406
0.018745
0.038062
0.021798
0.047340
0.079603
0.020269
0.046317
0.026554
0.021520
0.053075
0.058425
0.014473
0.015710
0.017087
0.052041
0.041522
0.016673
0.033485
0.052484
0.035197
0.049098
0.028242
0.031637
0.012966
0.025711
0.019714
0.038062
0.024031
0.018053
0.023751
0.028524
0.059322
0.022634
0.046463
0.039213
0.055149
0.019714
0.041811
0.082251
0.006171
0.051451
0.021798
0.056338
0.002942
0.000801
0.002272
0.002406
0.008065
0.003344
0.002674
0.003479
0.006036
0.009285
0.004419
0.003344
0.006576
0.002808
0.002942
0.008471
0.006711
0.005092
0.002808
0.006711
0.011191
0.002808
0.025851
0.013514
0.002406
0.004823
0.003613
0.008065
0.008742
0.008336
0.007929
0.007658
0.003344
0.003076
0.032631
0.001736
0.000934
0.001736
0.005901
0.003210
0.001335
0.003344
0.002540
0.006171
0.002138
0.001469
0.004419
0.003076
0.007117
0.006711
0.003747
0.004285
0.005227
0.005497
0.002540
0.002942
0.009014
0.003747
0.004419
0.004016
0.004016
0.002674
0.005632
0.002674
0.006171
0.004419
0.007523
0.001603
0.001870
0.003613
0.005497
0.001736
0.003210
0.010645
0.001335
0.004689
0.007388
0.008471
0.006847
0.002272
0.002808
0.002138
0.009965
0.003479
0.005497
0.010782
0.004016
0.006711
0.002942
0.009421
0.002942
0.032916
0.002540
0.006171
0.082251
0.002674
0.003076
0.002138
0.017363
0.001201
0.008065
0.021103
0.027257
0.032916
0.052779
0.016811
0.006982
0.033770
0.037775
0.002942
0.014473
0.028665
0.005227
0.027397
0.012829
0.021103
0.034911
0.018330
0.046317
0.007252
0.047779
0.019022
0.004689
0.009557
0.009693
0.010373
0.009693
0.009693
0.042680
0.035340
0.016122
0.042246
0.007794
0.011327
0.000534
0.027538
0.012282
0.028665
0.006441
0.015847
0.019022
0.033912
0.005497
0.006441
0.017363
0.010101
0.029371
0.033343
0.016260
0.010509
0.015297
0.024170
0.017225
0.032916
0.036771
0.016398
0.041522
0.024170
0.021938
0.037488
0.018883
0.016398
0.031070
0.060071
0.035340
0.004285
0.008742
0.036628
0.018607
0.004958
0.033058
0.030644
0.011873
0.030078
0.023192
0.024170
0.009693
0.008878
0.011463
0.015297
0.027257
0.022774
0.033058
0.024730
0.036628
0.015985
0.023751
0.032773
0.019714
0.015710
0.030361
0.051451
0.002674
0.082251
0.006036
0.018053
0.009285
0.002138
0.006306
0.003076
0.010645
0.031070
0.021103
0.028807
0.010237
0.020825
0.012146
0.002138
0.006982
0.012419
0.009150
0.014199
0.006711
0.006171
0.013650
0.018468
0.018330
0.080692
0.003613
0.009829
0.044714
0.002942
0.047047
0.016673
0.003747
0.006441
0.021381
0.021938
0.029654
0.012282
0.008200
0.024310
0.000667
0.008065
0.028101
0.023053
0.005632
0.031211
0.052189
0.021798
0.007794
0.001736
0.004419
0.023751
0.015435
0.048511
0.012282
0.003344
0.003076
0.007523
0.012966
0.006576
0.011600
0.011736
0.005092
0.010645
0.010918
0.009557
0.004554
0.002674
0.015022
0.008471
0.005632
0.009557
0.004016
0.006847
0.005766
0.003747
0.008065
0.020964
0.004823
0.006171
0.012009
0.004285
0.006982
0.051009
0.002406
0.028665
0.019714
0.006306
0.004419
0.015160
0.029371
0.010645
0.026132
0.007252
0.021659
0.005632
0.055149
0.021798
0.003076
0.006036
0.082251
0.005227
0.016949
0.008607
0.002406
0.006036
0.033343
0.020686
0.010373
0.024450
0.019992
0.042391
0.025571
0.011054
0.015435
0.033627
0.014885
0.025992
0.028101
0.012556
0.024310
0.036771
0.014610
0.004689
0.008065
0.015297
0.012146
0.010782
0.010782
0.005901
0.025010
0.006441
0.047632
0.039357
0.023472
0.022077
0.006847
0.013377
0.002138
0.017087
0.024730
0.040366
0.009285
0.041522
0.033485
0.023751
0.027116
0.003479
0.014473
0.047779
0.037201
0.032063
0.006306
0.022077
0.020547
0.008878
0.049832
0.018468
0.018745
0.022913
0.019437
0.047632
0.010101
0.043841
0.029937
0.013240
0.029513
0.046317
0.013103
0.010101
0.026413
0.057679
0.022495
0.004958
0.015710
0.013103
0.021938
0.015022
0.009150
0.024870
0.008471
0.007523
0.004419
0.010237
0.021381
0.009693
0.008336
0.020686
0.039789
0.011873
0.034768
0.012282
0.023332
0.005362
0.006847
0.056338
0.002138
0.018053
0.005227
0.082251
