0.078671
0.056785
0.045442
0.029654
0.050714
0.059322
0.039357
0.056785
0.042391
0.055001
0.056487
0.056189
0.055595
0.057977
0.055446
0.035054
0.056487
0.045296
0.040655
0.054407
0.045005
0.057679
0.046901
0.057679
0.041667
0.040944
0.057082
0.052927
0.051746
0.056933
0.053075
0.027961
0.051009
0.047486
0.029371
0.040511
0.046901
0.050714
0.043551
0.049979
0.041377
0.054407
0.048658
0.058276
0.051893
0.049979
0.054407
0.059023
0.058126
0.057977
0.037775
0.044277
0.054259
0.053667
0.054852
0.051156
0.052041
0.041811
0.029230
0.050126
0.056041
0.049245
0.055001
0.045296
0.059172
0.035340
0.032916
0.044714
0.038925
0.057530
0.055298
0.056338
0.051304
0.049538
0.056785
0.033485
0.056636
0.057381
0.028242
0.047486
0.054852
0.057082
0.056189
0.059172
0.056785
0.051009
0.058724
0.055892
0.056338
0.046171
0.035054
0.048511
0.051451
0.031495
0.041088
0.046025
0.049538
0.058574
0.056785
0.078671
0.054407
0.026413
0.044132
0.053815
0.028807
0.057530
0.055743
0.077122
0.056487
0.058126
0.051598
0.036484
0.047340
0.049685
0.054111
0.051451
0.050567
0.050714
0.056785
0.053963
0.043696
0.054259
0.051746
0.055001
0.050567
0.055743
0.049391
0.056933
0.046463
0.049538
0.053075
0.050420
0.046171
0.043987
0.056636
0.053519
0.046609
0.053223
0.042246
0.057679
0.047632
0.054259
0.037201
0.039789
0.042825
0.046609
0.057679
0.058724
0.055892
0.052189
0.059322
0.031495
0.057679
0.042970
0.050567
0.050862
0.045005
0.054704
0.056189
0.027961
0.056636
0.039789
0.059472
0.048218
0.040366
0.038493
0.027961
0.055298
0.050862
0.056338
0.043696
0.029937
0.050273
0.033912
0.054556
0.054407
0.030644
0.045442
0.051009
0.078361
0.045588
0.049832
0.053223
0.055149
0.056041
0.056338
0.057231
0.051746
0.036341
0.043696
0.043696
0.049538
0.041522
0.043115
0.047925
0.051598
0.045442
0.054407
0.078671
0.026694
0.048804
0.035483
0.027538
0.052189
0.043115
0.053667
0.033058
0.055446
0.036628
0.056041
0.054111
0.048951
0.049832
0.077741
0.047779
0.040366
0.047340
0.056189
0.028242
0.052927
0.056487
0.015160
0.055743
0.049538
0.034911
0.049391
0.033912
0.054704
0.052927
0.034340
0.017225
0.052779
0.033770
0.050862
0.050273
0.057679
0.052041
0.031921
0.043696
0.031070
0.055892
0.033627
0.049538
0.050862
0.050862
0.053223
0.077586
0.054111
0.054259
0.051009
0.053371
0.051304
0.040078
0.049832
0.021798
0.057828
0.076813
0.018330
0.043987
0.029795
0.054259
0.030361
0.018468
0.029513
0.024730
0.046171
0.056041
0.043261
0.027538
0.041088
0.054852
0.021103
0.030220
0.046171
0.029937
0.048804
0.036771
0.050567
0.046025
0.051746
0.047047
0.029371
0.034768
0.038493
0.055446
0.046317
0.039069
0.027679
0.056487
0.056338
0.012556
0.024450
0.050126
0.054556
0.029654
0.026413
0.026694
0.078671
0.036198
0.042101
0.059322
0.020686
0.056933
0.051009
0.028807
0.046171
0.027116
0.026132
0.014473
0.044859
0.037488
0.054852
0.009693
0.047632
0.028807
0.024730
0.030361
0.051893
0.026132
0.053519
0.034911
0.046025
0.057231
0.039933
0.049538
0.026413
0.015160
0.014473
0.031070
0.030361
0.050273
0.025992
0.014885
0.019992
0.054852
0.046317
0.033485
0.013103
0.030503
0.054852
0.054556
0.011600
0.042970
0.027961
0.042680
0.053667
0.057530
0.035483
0.053815
0.053075
0.049391
0.016260
0.057231
0.058126
0.044423
0.032347
0.053963
0.055001
0.050714
0.056785
0.055149
0.017363
0.030078
0.049979
0.055446
0.014885
0.014885
0.056338
0.034340
0.013103
0.039789
0.048511
0.015710
0.015572
0.029654
0.032063
0.054111
0.026975
0.035769
0.055892
0.015985
0.034197
0.039357
0.030220
0.018192
0.054852
0.029230
0.041377
0.054259
0.059172
0.007658
0.052632
0.050714
0.044132
0.048804
0.036198
0.078671
0.046463
0.034911
0.033485
0.048804
0.050714
0.049245
0.039645
0.038781
0.050567
0.042246
0.075423
0.047486
0.053815
0.037058
0.057679
0.049538
0.076040
0.057679
0.055446
0.053519
0.030928
0.056338
0.052927
0.046171
0.056041
0.079292
0.056785
0.048072
0.032347
0.057828
0.038206
0.042101
0.043841
0.021242
0.053519
0.048511
0.035340
0.043696
0.047486
0.039213
0.054407
0.058574
0.052041
0.077586
0.069595
0.051156
0.054407
0.052484
0.039645
0.054407
0.051893
0.058425
0.045005
0.043841
0.051598
0.050126
0.039501
0.056189
0.053075
0.077586
0.055892
0.050862
0.030220
0.057828
0.042535
0.057381
0.046901
0.020825
0.039789
0.031779
0.053815
0.055595
0.049538
0.056933
0.056338
0.051009
0.037488
0.036198
0.035340
0.041811
0.025851
0.051598
0.053963
0.046317
0.048511
0.036628
0.050420
0.056189
0.037058
0.055595
0.053519
0.042391
0.053667
0.059322
0.053815
0.035483
0.042101
0.046463
0.078671
0.051598
0.054852
0.051304
0.056338
0.046317
0.058126
0.054407
0.054556
0.042680
0.048804
0.055001
0.057082
0.043551
0.049245
0.051304
0.048804
0.046171
0.055149
0.044714
0.048072
0.049245
0.057231
0.050420
0.058276
0.053223
0.030078
0.048951
0.048072
0.031211
0.048804
0.053223
0.049098
0.022495
0.039069
0.055001
0.053667
0.045151
0.053371
0.043406
0.054407
0.044568
0.051746
0.054852
0.055298
0.049245
0.053963
0.055298
0.054111
0.056785
0.046463
0.048072
0.030361
0.039069
0.055149
0.054852
0.049685
0.057381
0.040078
0.057231
0.051009
0.042246
0.036055
0.043406
0.057082
0.046463
0.041956
0.056338
0.045442
0.046317
0.036914
0.056189
0.052336
0.018192
0.022634
0.051893
0.055595
0.051304
0.057231
0.046317
0.056338
0.052779
0.058126
0.056933
0.034483
0.026975
0.041522
0.034055
0.051451
0.046609
0.055743
0.038925
0.053519
0.039357
0.028807
0.027538
0.059322
0.034911
0.051598
0.078671
0.044277
0.055446
0.043261
0.034055
0.042825
0.040366
0.038493
0.027397
0.058425
0.051009
0.045442
0.008607
0.057231
0.049391
0.020964
0.033627
0.054704
0.013788
0.035054
0.017225
0.044423
0.052632
0.040799
0.042970
0.034625
0.015022
0.030786
0.043551
0.018745
0.052484
0.043841
0.015847
0.030503
0.055892
0.038062
0.026132
0.014473
0.047340
0.054556
0.048951
0.010237
0.054259
0.043987
0.020269
0.054852
0.045442
0.029795
0.052632
0.057828
0.053963
0.019853
0.055001
0.047632
0.040655
0.037919
0.058724
0.028524
0.056338
0.047340
0.048658
0.012282
0.029937
0.046317
0.049098
0.016673
0.027538
0.054852
0.045151
0.024590
0.054259
0.047194
0.025851
0.017501
0.021242
0.050862
0.047047
0.030503
0.026554
0.051893
0.020686
0.047340
0.036771
0.042680
0.016673
0.056636
0.028524
0.049538
0.057231
0.055001
0.010782
0.047340
0.056785
0.057530
0.052189
0.020686
0.033485
0.054852
0.044277
0.078671
0.052041
0.054111
0.057679
0.055743
0.046317
0.052041
0.047340
0.052779
0.055892
0.052484
0.052484
0.046609
0.052189
0.044568
0.026835
0.055298
0.049245
0.036914
0.036771
0.057530
0.047925
0.052779
0.034197
0.044277
0.054111
0.051304
0.032631
0.049685
0.051451
0.048365
0.043115
0.049245
0.037775
0.047632
0.056338
0.051009
0.056636
0.053815
0.044568
0.041088
0.057381
0.078206
0.042825
0.053075
0.051746
0.042825
0.058276
0.045588
0.041956
0.051451
0.029654
0.047194
0.053371
0.054259
0.054259
0.021938
0.057828
0.029371
0.024310
0.038062
0.015985
0.053667
0.039501
0.048804
0.055446
0.016536
0.055149
0.030644
0.050273
0.055298
0.019576
0.040944
0.041811
0.078051
0.050567
0.058574
0.055743
0.051451
0.054111
0.050420
0.056487
0.036771
0.037058
0.045442
0.048072
0.046755
0.037344
0.020269
0.053815
0.051598
0.042391
0.055743
0.043115
0.056933
0.048804
0.051304
0.055446
0.052041
0.078671
0.056785
0.050420
0.076349
0.018468
0.044859
0.017087
0.056487
0.024870
0.055892
0.030361
0.045879
0.057082
0.046171
0.047340
0.050714
0.040078
0.051009
0.033200
0.075731
0.057381
0.056933
0.053815
0.049098
0.024310
0.034768
0.050126
0.032631
0.077431
0.054704
0.016673
0.047340
0.052779
0.047340
0.037631
0.024310
0.028807
0.053371
0.048511
0.020825
0.055298
0.054556
0.042535
0.056189
0.056338
0.041233
0.054111
0.056636
0.050567
0.019992
0.054407
0.057530
0.051893
0.048511
0.056636
0.053815
0.057381
0.058276
0.055298
0.019437
0.041956
0.056041
0.053223
0.022495
0.037775
0.046171
0.026975
0.031637
0.050714
0.054259
0.031070
0.038493
0.041522
0.056041
0.051451
0.052779
0.052484
0.052927
0.034768
0.054704
0.056041
0.052632
0.030220
0.055743
0.041088
0.050126
0.059322
0.055001
0.029230
0.049245
0.055001
0.077122
0.053667
0.051009
0.050714
0.056338
0.043261
0.054111
0.056785
0.078671
0.057679
0.056041
0.042825
0.043551
0.046171
0.048218
0.055001
0.058126
0.052336
0.050567
0.052041
0.052336
0.046463
0.058276
0.056041
0.056785
0.056189
0.057828
0.079137
0.047047
0.045151
0.045005
0.046901
0.039357
0.044859
0.057231
0.056933
0.050862
0.043115
0.057381
0.050420
0.057828
0.056636
0.047047
0.042970
0.056636
0.042391
0.050862
0.052927
0.057679
0.053667
0.058276
0.077896
0.046171
0.077896
0.053815
0.045588
0.051893
0.052484
0.057679
0.057231
0.052632
0.055892
0.056041
0.057082
0.055001
0.055001
0.050567
0.030361
0.057679
0.056338
0.055892
0.043115
0.049685
0.048218
0.025992
0.058873
0.056189
0.015710
0.028665
0.054111
0.054704
0.059621
0.056189
0.052336
0.058574
0.055001
0.053075
0.077896
0.051304
0.040078
0.049391
0.042680
0.056785
0.045588
0.053519
0.043551
0.057828
0.056487
0.056487
0.033058
0.028807
0.049245
0.046317
0.034055
0.057679
0.050420
0.057679
0.078671
0.047632
0.036341
0.035769
0.041811
0.044423
0.053963
0.032347
0.042535
0.048218
0.028242
0.042680
0.024870
0.055149
0.048804
0.056785
0.050126
0.053963
0.056933
0.053667
0.035483
0.042825
0.051304
0.022216
0.049098
0.039213
0.050126
0.026694
0.025290
0.036628
0.021520
0.056189
0.042680
0.055743
0.036198
0.051893
0.038781
0.040222
0.057381
0.057977
0.037775
0.039069
0.056487
0.024590
0.055892
0.028948
0.040222
0.045588
0.029230
0.032347
0.035340
0.040511
0.055001
0.031637
0.057530
0.040222
0.053075
0.024450
0.013925
0.042680
0.052927
0.057530
0.039501
0.021798
0.051304
0.023751
0.055298
0.057530
0.016673
0.042970
0.054407
0.052484
0.052632
0.053963
0.055595
0.052189
0.057828
0.056338
0.052336
0.031495
0.016811
0.043406
0.044568
0.017777
0.056933
0.041377
0.038062
0.051009
0.056189
0.058126
0.055446
0.046171
0.039645
0.058126
0.042825
0.055743
0.076349
0.056041
0.047632
0.078671
0.044714
0.052484
0.048365
0.045879
0.042825
0.058276
0.042535
0.044859
0.076967
0.052484
0.038350
0.043115
0.032205
0.042970
0.041667
0.056487
0.047340
0.078361
0.055892
0.036771
0.042391
0.043696
0.037488
0.036484
0.057530
0.053519
0.045442
0.043987
0.055595
0.053815
0.045005
0.049098
0.030928
0.048365
0.051451
0.050714
0.054259
0.055001
0.054259
0.052779
0.056041
0.048511
0.054852
0.042825
0.053963
0.040655
0.039213
0.059472
0.077277
0.032205
0.058873
0.051451
0.057977
0.055001
0.039501
0.033058
0.045733
0.057082
0.058126
0.046901
0.053667
0.046171
0.046901
0.034911
0.049098
0.055743
0.036341
0.035769
0.053963
0.057977
0.054111
0.057530
0.054556
0.055892
0.050567
0.058724
0.057231
0.047925
0.047340
0.048658
0.046025
0.056785
0.044714
0.038350
0.048072
0.052779
0.055595
0.051598
0.036628
0.027116
0.038781
0.054407
0.040366
0.046317
0.018468
0.042825
0.036341
0.044714
0.078671
0.048804
0.058425
0.037631
0.056785
0.053963
0.034911
0.058425
0.049685
0.043841
0.012282
0.055001
0.044859
0.044714
0.050567
0.024450
0.034483
0.036198
0.052927
0.032773
0.053667
0.050862
0.023611
0.052927
0.020269
0.042825
0.054259
0.029089
0.039357
0.048365
0.048658
0.057828
0.054111
0.042246
0.049979
0.049538
0.052189
0.052632
0.055595
0.052041
0.053075
0.036771
0.057679
0.048511
0.057828
0.044132
0.031070
0.036628
0.058126
0.024170
0.053519
0.032347
0.055595
0.029795
0.021381
0.045151
0.021520
0.046755
0.046025
0.041956
0.047632
0.041377
0.058276
0.015297
0.057082
0.053815
0.018053
0.022774
0.044132
0.052632
0.042535
0.039789
0.045879
0.054556
0.039645
0.041956
0.036055
0.021938
0.033485
0.023192
0.025431
0.045442
0.020964
0.030786
0.018468
0.054852
0.057977
0.036484
0.056041
0.026132
0.050567
0.054556
0.038493
0.052041
0.044859
0.043551
0.035769
0.052484
0.048804
0.078671
0.050273
0.046463
0.040511
0.055001
0.048804
0.051304
0.042101
0.056636
0.040078
0.053667
0.042535
0.012966
0.056785
0.048218
0.038350
0.055149
0.053963
0.031921
0.055892
0.047925
0.014062
0.040078
0.024590
0.055595
0.038493
0.044859
0.032347
0.025150
0.031353
0.043115
0.057231
0.040655
0.055892
0.054704
0.056636
0.058574
0.049098
0.045588
0.046755
0.076040
0.050273
0.055743
0.052484
0.016260
0.019576
0.044277
0.056189
0.045588
0.047486
0.031779
0.055001
0.039501
0.016260
0.026413
0.045296
0.040366
0.046755
0.025431
0.046025
0.025431
0.051304
0.040655
0.036198
0.056636
0.034483
0.056041
0.024870
0.052927
0.054111
0.058126
0.056636
0.025851
0.039789
0.041522
0.054111
0.039213
0.033343
0.034625
0.050273
0.048658
0.019022
0.042825
0.033627
0.053815
0.055446
0.047340
0.054111
0.014473
0.042246
0.042680
0.027397
0.047340
0.017087
0.046171
0.041811
0.048365
0.058425
0.050273
0.078671
0.038493
0.055743
0.053963
0.032063
0.055298
0.039357
0.053815
0.015297
0.053223
0.036055
0.018330
0.056338
0.022077
0.027679
0.039933
0.049538
0.034625
0.052779
0.052336
0.017225
0.049538
0.019853
0.037919
0.055595
0.050862
0.036628
0.042391
0.049832
0.057381
0.056487
0.041811
0.053519
0.055001
0.052041
0.053815
0.052779
0.042391
0.049685
0.043115
0.055743
0.038493
0.055001
0.055446
0.012692
0.044714
0.057381
0.035769
0.046317
0.042680
0.055298
0.021798
0.016260
0.049538
0.020131
0.052041
0.050714
0.056487
0.049979
0.048072
0.077741
0.019437
0.051746
0.054704
0.036055
0.037488
0.048511
0.048511
0.048218
0.052336
0.052927
0.032205
0.056338
0.046317
0.048951
0.026132
0.043841
0.021381
0.051893
0.048072
0.010645
0.012282
0.039501
0.056785
0.035054
0.049685
0.048951
0.044859
0.075423
0.048804
0.058425
0.052779
0.056487
0.048218
0.044423
0.045879
0.037631
0.046463
0.038493
0.078671
0.045879
0.055298
0.021520
0.058873
0.056785
0.053223
0.044859
0.056785
0.040944
0.029795
0.039501
0.054407
0.041377
0.055298
0.058574
0.058574
0.045296
0.046755
0.056487
0.031779
0.057828
0.054111
0.021520
0.055298
0.055446
0.033485
0.042680
0.031495
0.049832
0.055743
0.057231
0.024870
0.077277
0.056933
0.051304
0.055298
0.051304
0.037201
0.057828
0.056785
0.059472
0.045151
0.051304
0.047340
0.048804
0.042246
0.078361
0.034340
0.078516
0.056785
0.047632
0.018053
0.051304
0.044859
0.053223
0.024310
0.031070
0.044277
0.042970
0.048951
0.053815
0.053667
0.055595
0.051598
0.029089
0.055743
0.032205
0.033058
0.042970
0.032773
0.040366
0.057231
0.044277
0.050862
0.031637
0.055298
0.053075
0.050714
0.056338
0.052632
0.028665
0.049832
0.056487
0.054111
0.049832
0.037488
0.047486
0.055001
0.051009
0.055892
0.024870
0.055001
0.053963
0.042825
0.056785
0.040511
0.055743
0.045879
0.078671
0.055149
0.035769
0.056041
0.045588
0.047486
0.032489
0.057679
0.045442
0.049245
0.049245
0.046317
0.050862
0.039069
0.046171
0.044859
0.051746
0.048658
0.040799
0.052336
0.043406
0.029654
0.056487
0.029230
0.044423
0.054852
0.058126
0.054111
0.055892
0.052779
0.048804
0.048951
0.052927
0.053075
0.049391
0.055892
0.054259
0.034197
0.056338
0.053075
0.051009
0.058276
0.045151
0.046901
0.053371
0.042391
0.052632
0.031495
0.055446
0.032347
0.034625
0.053223
0.025711
0.052484
0.053815
0.053815
0.046901
0.049391
0.058574
0.025150
0.057679
0.048072
0.017915
0.030220
0.047925
0.054556
0.052632
0.045588
0.048951
0.053075
0.057530
0.049098
0.049245
0.042680
0.045151
0.039213
0.045442
0.052779
0.029654
0.044423
0.048804
0.054852
0.045296
0.051451
0.077741
0.054852
0.053815
0.057082
0.045442
0.052484
0.055892
0.058126
0.032347
0.058276
0.053963
0.055001
0.053963
0.055298
0.055149
0.078671
0.052336
0.051009
0.055743
0.057082
0.042825
0.055892
0.057530
0.032347
0.057231
0.057530
0.051893
0.050567
0.056041
0.055892
0.054556
0.053667
0.036914
0.058126
0.048951
0.050420
0.049685
0.056338
0.058126
0.050862
0.056041
0.036484
0.055595
0.057828
0.057231
0.052336
0.056487
0.058873
0.076040
0.056487
0.058425
0.055595
0.078361
0.060071
0.053075
0.054704
0.045296
0.076967
0.077586
0.047925
0.057828
0.051746
0.059322
0.053371
0.039069
0.053371
0.046901
0.056785
0.058425
0.036198
0.050420
0.052336
0.052336
0.034911
0.051598
0.052189
0.037201
0.042970
0.043696
0.053519
0.053223
0.055892
0.050862
0.051598
0.038637
0.048365
0.057231
0.047925
0.054407
0.041522
0.058126
0.076813
0.024590
0.043261
0.054704
0.057530
0.040655
0.050567
0.047779
0.009693
0.037058
0.043551
0.008607
0.052484
0.030361
0.052336
0.042535
0.042535
0.034911
0.048804
0.032063
0.021520
0.035769
0.052336
0.078671
0.021242
0.033485
0.055743
0.019853
0.028524
0.056933
0.024870
0.049979
0.055149
0.031637
0.029654
0.038350
0.044423
0.077586
0.047047
0.015022
0.057679
0.014885
0.035912
0.039933
0.038781
0.013514
0.025150
0.052189
0.047779
0.030644
0.030644
0.041667
0.053371
0.043696
0.056189
0.052927
0.043115
0.048511
0.045442
0.049685
0.021659
0.030503
0.035912
0.014062
0.033200
0.050273
0.041667
0.034911
0.025010
0.050273
0.021798
0.013377
0.051304
0.013650
0.037775
0.031637
0.041377
0.045296
0.009014
0.023891
0.018330
0.032489
0.047925
0.009693
0.034340
0.029795
0.043696
0.025431
0.056041
0.053075
0.024870
0.050273
0.027679
0.054111
0.014199
0.045588
0.012419
0.046025
0.033200
0.008742
0.013377
0.055001
0.045151
0.054407
0.050714
0.040366
0.047632
0.057679
0.049245
0.057231
0.046609
0.045879
0.050567
0.048218
0.044859
0.058425
0.051304
0.055298
0.058873
0.056041
0.051009
0.021242
0.078671
0.055595
0.045442
0.029654
0.059771
0.040655
0.039069
0.046755
0.042970
0.051893
0.051746
0.057679
0.042535
0.042391
0.055595
0.042825
0.039789
0.039213
0.053519
0.035197
0.040511
0.045879
0.049098
0.033770
0.043261
0.055446
0.048365
0.056487
0.041088
0.077896
0.055446
0.046609
0.057381
0.052779
0.038206
0.055446
0.057381
0.078051
0.037201
0.049098
0.048072
0.054704
0.035626
0.077122
0.045151
0.078981
0.048951
0.032631
0.025431
0.039069
0.041667
0.050567
0.036914
0.048511
0.053519
0.050126
0.037919
0.058425
0.052632
0.042680
0.049391
0.039789
0.052927
0.044423
0.038062
0.041233
0.049098
0.043696
0.050567
0.041233
0.035769
0.034768
0.044714
0.051746
0.047632
0.052632
0.053075
0.020408
0.049685
0.045005
0.056785
0.047340
0.028807
0.049538
0.051304
0.049391
0.052189
0.057082
0.052041
0.028242
0.076967
0.049685
0.042101
0.039357
0.056785
0.045588
0.055743
0.033485
0.055595
0.078671
0.044568
0.043841
0.047632
0.026413
0.029371
0.027679
0.049685
0.036628
0.051009
0.057082
0.052189
0.033770
0.057530
0.056189
0.033343
0.058574
0.057231
0.042680
0.045296
0.049098
0.045151
0.039789
0.035197
0.027961
0.045879
0.052041
0.040799
0.054704
0.054852
0.040511
0.054556
0.047632
0.034911
0.052336
0.056338
0.058276
0.038206
0.056041
0.052189
0.056636
0.026413
0.076658
0.045442
0.057828
0.057530
0.034625
0.034483
0.047632
0.055001
0.053519
0.032489
0.055298
0.037201
0.029795
0.046171
0.055446
0.054259
0.049245
0.042535
0.042535
0.056636
0.041811
0.052189
0.045442
0.052041
0.044859
0.049685
0.046171
0.052779
0.055892
0.051156
0.041377
0.056487
0.048218
0.039069
0.048218
0.043261
0.057679
0.053963
0.056189
0.024730
0.076040
0.048804
0.020964
0.044568
0.046171
0.052336
0.042680
0.052484
0.043841
0.056636
0.053815
0.053223
0.047486
0.057082
0.055743
0.045442
0.044568
0.078671
0.054259
0.050567
0.048951
0.020131
0.057530
0.052927
0.038350
0.054852
0.058126
0.048511
0.056636
0.035769
0.033200
0.031353
0.029654
0.045879
0.036198
0.052041
0.038062
0.026835
0.053371
0.053667
0.049832
0.054259
0.059621
0.057679
0.056636
0.076967
0.053815
0.050273
0.054556
0.055446
0.055446
0.051304
0.053815
0.046609
0.025010
0.046317
0.056636
0.051009
0.052336
0.046609
0.057679
0.034197
0.029513
0.048365
0.054704
0.054111
0.056636
0.040366
0.022077
0.037631
0.047486
0.054259
0.044568
0.056487
0.055001
0.058574
0.038925
0.049098
0.048951
0.058873
0.058724
0.021103
0.055001
0.050420
0.057828
0.053075
0.036341
0.041233
0.057530
0.035626
0.026694
0.037058
0.053963
0.057977
0.046901
0.043696
0.028242
0.030361
0.057679
0.046171
0.033627
0.026835
0.047340
0.046463
0.024870
0.038350
0.012282
0.040078
0.015297
0.044859
0.032489
0.042825
0.019853
0.029654
0.043841
0.054259
0.078671
0.030503
0.019022
0.024450
0.041956
0.053963
0.042535
0.055001
0.050273
0.038350
0.032773
0.020131
0.046463
0.015160
0.042970
0.036341
0.014062
0.034768
0.042246
0.023611
0.029230
0.026273
0.017087
0.048804
0.054259
0.025150
0.053223
0.055001
0.026273
0.045442
0.043841
0.049245
0.048951
0.055001
0.042535
0.021103
0.050567
0.051746
0.040799
0.038206
0.054704
0.037201
0.051893
0.043987
0.031637
0.025150
0.057828
0.047779
0.056933
0.015572
0.015572
0.032916
0.020825
0.056636
0.044277
0.043406
0.050273
0.050126
0.020408
0.038350
0.028242
0.042825
0.035340
0.019160
0.035769
0.050126
0.049685
0.076813
0.036628
0.056636
0.052632
0.029371
0.047194
0.056487
0.042101
0.052336
0.057679
0.054259
0.052927
0.051893
0.055446
0.055149
0.054704
0.055298
0.050714
0.058276
0.055149
0.043115
0.055001
0.053667
0.053223
0.056785
0.057679
0.055892
0.028524
0.059771
0.047632
0.050567
0.030503
0.078671
0.053667
0.041667
0.056041
0.054704
0.056487
0.048365
0.051451
0.047632
0.045005
0.042535
0.040944
0.053223
0.048804
0.038350
0.049685
0.048365
0.038062
0.054704
0.052927
0.042680
0.077431
0.052336
0.051304
0.041233
0.056933
0.056785
0.052927
0.058126
0.057381
0.038493
0.058126
0.056636
0.055149
0.048804
0.046025
0.051156
0.055595
0.049979
0.052336
0.054259
0.059621
0.049685
0.047340
0.029371
0.033912
0.051893
0.047486
0.051598
0.043115
0.049685
0.057082
0.022913
0.058873
0.049538
0.026413
0.049391
0.052779
0.057977
0.057530
0.045296
0.049391
0.055001
0.053075
0.034768
0.055743
0.031353
0.024310
0.050126
0.053223
0.054556
0.045151
0.051746
0.034340
0.055149
0.041667
0.051746
0.056487
0.026132
0.053519
0.044714
0.013788
0.049245
0.040078
0.056041
0.048804
0.032205
0.044859
0.042535
0.036055
0.040944
0.045442
0.057530
0.056933
0.040655
0.026413
0.048951
0.019022
0.053667
0.078671
0.041522
0.055743
0.055595
0.046609
0.042970
0.040222
0.054704
0.058425
0.047486
0.025150
0.077896
0.029513
0.042680
0.035769
0.053223
0.031211
0.037919
0.050420
0.046463
0.046609
0.045005
0.035769
0.049098
0.049245
0.056933
0.076504
0.047047
0.056041
0.043406
0.055149
0.031070
0.037344
0.051156
0.018607
0.049832
0.050420
0.039069
0.039933
0.041088
0.053223
0.043261
0.028948
0.045588
0.017501
0.036771
0.040655
0.051156
0.044277
0.020547
0.035197
0.018053
0.039645
0.040799
0.013650
0.032631
0.050420
0.039069
0.032489
0.043551
0.041956
0.036771
0.048804
0.040944
0.052189
0.015435
0.032489
0.012282
0.051746
0.040222
0.020964
0.036341
0.037775
0.051156
0.040944
0.055001
0.015160
0.053519
0.030928
0.048072
0.035054
0.036914
0.051009
0.056785
0.056785
0.042970
0.044714
0.012966
0.018330
0.029795
0.049245
0.032347
0.024870
0.039069
0.029371
0.020131
0.024450
0.041667
0.041522
0.078671
0.032631
0.044568
0.059771
0.033770
0.025431
0.033485
0.023472
0.017777
0.046171
0.049098
0.055001
0.023332
0.024450
0.016673
0.029795
0.053075
0.039069
0.042535
0.016673
0.050862
0.021103
0.016949
0.029937
0.034911
0.039213
0.049979
0.077586
0.012692
0.057082
0.030644
0.030361
0.030078
0.049391
0.035054
0.031070
0.031070
0.050273
0.037201
0.039789
0.054407
0.053223
0.030644
0.012009
0.042680
0.043551
0.039213
0.021938
0.033343
0.028665
0.012966
0.053371
0.044714
0.008065
0.009150
0.055446
0.041811
0.047047
0.028101
0.035340
0.077277
0.034911
0.048951
0.045296
0.023053
0.014748
0.037488
0.015710
0.019437
0.055149
0.045879
0.011736
0.040655
0.057082
0.050567
0.055743
0.034911
0.056338
0.049245
0.017225
0.036771
0.033200
0.056189
0.050126
0.041667
0.050567
0.056785
0.056338
0.039501
0.049245
0.057231
0.049979
0.046755
0.027679
0.057530
0.041956
0.056041
0.055743
0.032631
0.078671
0.047925
0.049979
0.050420
0.053963
0.045005
0.056636
0.032773
0.022356
0.054556
0.025711
0.035912
0.049391
0.047925
0.033058
0.034483
0.049979
0.057231
0.051156
0.052041
0.056487
0.057381
0.054259
0.055892
0.076040
0.045879
0.055743
0.054556
0.056487
0.048804
0.048511
0.040366
0.018883
0.051893
0.056041
0.044277
0.043696
0.051598
0.056338
0.044423
0.025431
0.046755
0.049098
0.048658
0.054852
0.046025
0.030220
0.038781
0.055298
0.033627
0.047486
0.054852
0.028101
0.046901
0.048951
0.040655
0.053815
0.056189
0.057977
0.030078
0.053963
0.039069
0.056189
0.031353
0.025711
0.025992
0.055001
0.032205
0.016260
0.036771
0.035912
0.077277
0.052927
0.055743
0.049538
0.046025
0.052927
0.057231
0.044423
0.057530
0.075731
0.057828
0.053963
0.056487
0.024450
0.048218
0.022077
0.054407
0.046317
0.057530
0.055149
0.042970
0.049685
0.052927
0.053963
0.054704
0.055595
0.044568
0.047925
0.078671
0.055149
0.053519
0.053963
0.053075
0.049832
0.039501
0.045151
0.049979
0.054556
0.046025
0.022774
0.052336
0.044277
0.047047
0.054407
0.039933
0.040655
0.057530
0.054556
0.036198
0.059023
0.076040
0.048365
0.055298
0.054556
0.055298
0.054407
0.053075
0.045442
0.045151
0.047047
0.055892
0.054111
0.053815
0.057231
0.050273
0.058126
0.052779
0.049098
0.034911
0.037344
0.054852
0.051746
0.042535
0.050714
0.027116
0.033627
0.039789
0.052927
0.051746
0.027820
0.052336
0.042970
0.057977
0.046025
0.056785
0.053075
0.048511
0.055446
0.053223
0.056933
0.046901
0.046025
0.049245
0.056189
0.052189
0.055001
0.052632
0.054407
0.054111
0.051746
0.049391
0.034911
0.057231
0.046171
0.050420
0.052632
0.047925
0.057381
0.079137
0.056933
0.047340
0.034483
0.038350
0.027679
0.041377
0.050862
0.051893
0.031637
0.051893
0.036628
0.038350
0.042535
0.056487
0.046609
0.059771
0.049979
0.055149
0.078671
0.046171
0.038637
0.035197
0.038493
0.024730
0.042391
0.053075
0.052632
0.025992
0.021242
0.029371
0.035912
0.058276
0.043841
0.025571
0.045442
0.053371
0.045442
0.021798
0.045151
0.050567
0.049245
0.059172
0.077431
0.029513
0.058126
0.051893
0.039789
0.024870
0.054556
0.054259
0.047340
0.048658
0.049979
0.056189
0.052336
0.055149
0.056487
0.025711
0.019299
0.052632
0.051451
0.039933
0.023192
0.048511
0.036341
0.015022
0.055743
0.054407
0.010101
0.027397
0.047194
0.049538
0.058276
0.049245
0.048218
0.057231
0.038925
0.042680
0.059023
0.030361
0.022356
0.044423
0.033770
0.042680
0.052336
0.056487
0.016260
0.055446
0.056933
0.056933
0.049391
0.039933
0.056041
0.058276
0.040799
0.052779
0.056933
0.047047
0.053667
0.078361
0.036198
0.055149
0.039933
0.055298
0.039069
0.050567
0.029654
0.051746
0.051009
0.054852
0.055001
0.048365
0.042970
0.033770
0.050420
0.053519
0.046171
0.078671
0.053223
0.049245
0.050420
0.037919
0.041811
0.023751
0.053815
0.052779
0.012829
0.045005
0.054407
0.046901
0.022077
0.053223
0.029513
0.046025
0.047047
0.044859
0.057977
0.056785
0.055892
0.047340
0.053519
0.047340
0.053075
0.046463
0.054407
0.020547
0.027820
0.056636
0.053223
0.025010
0.058574
0.035483
0.059322
0.054259
0.037488
0.017225
0.053371
0.049245
0.056041
0.035769
0.045733
0.044277
0.037488
0.045296
0.046025
0.052779
0.053075
0.052779
0.041088
0.053963
0.034197
0.053963
0.048951
0.040222
0.052484
0.077277
0.056041
0.046317
0.022077
0.048218
0.049979
0.027961
0.054852
0.053223
0.031779
0.051304
0.053075
0.046463
0.033912
0.049538
0.079292
0.053223
0.042970
0.034197
0.053815
0.045151
0.035483
0.055892
0.052927
0.053963
0.049538
0.058574
0.046171
0.056041
0.038350
0.057679
0.057082
0.058126
0.050273
0.051451
0.040222
0.025431
0.053963
0.053963
0.038637
0.053223
0.078671
0.050567
0.045151
0.047340
0.052927
0.032916
0.034483
0.048658
0.036628
0.036198
0.043406
0.035197
0.046755
0.051304
0.034055
0.055001
0.077122
0.051304
0.078671
0.056933
0.045442
0.049538
0.051451
0.048804
0.051304
0.055595
0.078051
0.036484
0.045442
0.045733
0.056785
0.047486
0.076040
0.056785
0.077431
0.056189
0.044423
0.044132
0.057828
0.051598
0.053815
0.031495
0.043696
0.043406
0.033627
0.055149
0.055446
0.056785
0.056338
0.055446
0.048511
0.045151
0.041233
0.052189
0.056041
0.033912
0.053223
0.048951
0.042970
0.041811
0.052632
0.052041
0.055743
0.042970
0.052632
0.052041
0.041667
0.055149
0.027961
0.049538
0.054704
0.026413
0.056785
0.030078
0.034625
0.044277
0.049098
0.045005
0.042825
0.036771
0.032773
0.031921
0.034625
0.058574
0.044859
0.055892
0.044423
0.042535
0.052189
0.048511
0.038350
0.047632
0.054704
0.033485
0.045005
0.053075
0.035197
0.049245
0.050567
0.078671
0.047340
0.042825
0.055595
0.057530
0.047632
0.044132
0.032205
0.056785
0.051156
0.022216
0.047779
0.043406
0.036628
0.049538
0.034625
0.027257
0.053667
0.054704
0.054852
0.050273
0.049098
0.027679
0.056636
0.051746
0.053371
0.049685
0.045151
0.048804
0.055001
0.027538
0.055001
0.031637
0.057828
0.056189
0.032773
0.026835
0.024870
0.038062
0.052632
0.033770
0.029371
0.032205
0.040222
0.021520
0.045879
0.040511
0.038781
0.034483
0.033912
0.043841
0.023611
0.022077
0.029089
0.028242
0.037201
0.043987
0.038062
0.041233
0.048072
0.036914
0.047925
0.048658
0.044714
0.030078
0.043261
0.051156
0.051009
0.053075
0.052927
0.015160
0.048072
0.048951
0.015022
0.054111
0.024310
0.046901
0.051304
0.042391
0.053667
0.055892
0.052779
0.045296
0.051746
0.054556
0.077586
0.042391
0.033770
0.056636
0.032773
0.045005
0.058425
0.023472
0.056636
0.049832
0.038493
0.050420
0.045151
0.047340
0.078671
0.049538
0.021103
0.055001
0.018053
0.040078
0.038206
0.033485
0.020686
0.038781
0.048511
0.052336
0.053371
0.036771
0.055001
0.057679
0.055298
0.057530
0.056933
0.045879
0.050420
0.053223
0.053815
0.034197
0.045442
0.046317
0.019299
0.036628
0.054259
0.039213
0.045296
0.028101
0.054704
0.027820
0.022077
0.051598
0.025290
0.038206
0.042246
0.043261
0.044859
0.015435
0.041522
0.030644
0.036628
0.053963
0.026975
0.052041
0.028948
0.048804
0.031211
0.055743
0.055446
0.022216
0.055446
0.046025
0.053075
0.022634
0.042391
0.015847
0.054556
0.039357
0.012692
0.026835
0.052632
0.051451
0.047486
0.050420
0.034340
0.014473
0.032347
0.048072
0.030786
0.051304
0.034768
0.039357
0.022216
0.043696
0.050862
0.047925
0.052336
0.046755
0.048658
0.053667
0.047047
0.055595
0.057530
0.035769
0.020131
0.042535
0.047486
0.017777
0.032773
0.039501
0.024730
0.037919
0.047340
0.042825
0.049538
0.078671
0.027397
0.050862
0.025290
0.057828
0.031495
0.044859
0.034911
0.027679
0.031070
0.035054
0.044423
0.033058
0.043696
0.047779
0.054556
0.053519
0.039933
0.045588
0.042535
0.038781
0.047486
0.053519
0.053519
0.029371
0.032347
0.041956
0.048218
0.034625
0.055595
0.021520
0.056636
0.043261
0.011463
0.035197
0.014199
0.043261
0.028948
0.026273
0.079292
0.029795
0.033200
0.021520
0.043406
0.045442
0.016536
0.025010
0.020547
0.054852
0.022913
0.046901
0.032773
0.031211
0.050567
0.030786
0.046171
0.023332
0.054556
0.013788
0.041522
0.054852
0.017087
0.021103
0.038925
0.040222
0.029371
0.046171
0.017225
0.031070
0.057828
0.031211
0.043551
0.032631
0.050126
0.044859
0.049098
0.037488
0.023611
0.014062
0.017225
0.056487
0.040799
0.036914
0.015022
0.042825
0.056189
0.033200
0.046463
0.040944
0.025150
0.046171
0.022356
0.045151
0.042391
0.041811
0.052927
0.055595
0.021103
0.027397
0.078671
0.026835
0.052927
0.028524
0.012692
0.027961
0.033343
0.035483
0.041811
0.029371
0.016536
0.051746
0.035769
0.020131
0.051156
0.047925
0.020686
0.043841
0.042680
0.011054
0.052041
0.046609
0.054556
0.042391
0.056189
0.023192
0.027538
0.025150
0.055595
0.033058
0.055595
0.055743
0.058126
0.021520
0.043841
0.038350
0.049832
0.030078
0.018330
0.025851
0.022634
0.039501
0.057828
0.034625
0.040366
0.028948
0.038925
0.035912
0.025851
0.018607
0.023053
0.040078
0.041088
0.047779
0.025571
0.048658
0.024450
0.054407
0.034768
0.021520
0.077277
0.046609
0.024730
0.032347
0.040511
0.043987
0.052779
0.030361
0.038206
0.048804
0.018745
0.049685
0.032631
0.057231
0.039213
0.036484
0.052927
0.040078
0.049538
0.031779
0.052336
0.058126
0.057679
0.039789
0.033343
0.031353
0.015160
0.053223
0.077896
0.049098
0.054556
0.049979
0.053075
0.023751
0.032916
0.057530
0.055001
0.050862
0.026835
0.078671
0.032773
0.033200
0.050714
0.052189
0.036628
0.045733
0.055149
0.049098
0.049538
0.046317
0.022913
0.047632
0.035483
0.050567
0.057828
0.049979
0.056041
0.034197
0.057828
0.037919
0.032489
0.049245
0.032916
0.050126
0.054111
0.044714
0.035340
0.043987
0.050567
0.049538
0.029371
0.052189
0.010101
0.044859
0.038925
0.053223
0.049979
0.025150
0.048072
0.010101
0.049098
0.044132
0.008200
0.014062
0.052484
0.042825
0.049979
0.042535
0.035197
0.053075
0.042391
0.027961
0.052336
0.015297
0.045442
0.011463
0.029230
0.053223
0.013377
0.022356
0.038206
0.053223
0.046901
0.056636
0.033770
0.050273
0.042101
0.053223
0.052484
0.051451
0.077431
0.056933
0.050126
0.057530
0.020269
0.024590
0.019853
0.057828
0.043406
0.048951
0.014885
0.039213
0.058574
0.029654
0.042970
0.048804
0.029513
0.055001
0.025711
0.054556
0.052632
0.053815
0.034483
0.047632
0.018053
0.025290
0.052927
0.032773
0.078671
0.049832
0.026273
0.042535
0.058425
0.048804
0.035483
0.025992
0.028948
0.053075
0.034625
0.022077
0.053815
0.048511
0.030220
0.045879
0.055149
0.024170
0.054111
0.049098
0.041377
0.042246
0.055892
0.053815
0.041956
0.036628
0.057530
0.043261
0.055149
0.056189
0.053963
0.025150
0.037488
0.053667
0.053963
0.043987
0.029230
0.040799
0.038062
0.034197
0.054259
0.050567
0.029371
0.024730
0.055001
0.057082
0.048951
0.036914
0.039933
0.055743
0.041667
0.057082
0.044714
0.054407
0.026975
0.056933
0.024170
0.046901
0.058276
0.055149
0.018330
0.043841
0.050714
0.053519
0.050862
0.025992
0.043841
0.049098
0.043841
0.048365
0.054704
0.050862
0.026694
0.053519
0.042825
0.055595
0.037919
0.054111
0.029654
0.050420
0.035912
0.053519
0.057231
0.045879
0.036341
0.038350
0.042680
0.023332
0.035912
0.046025
0.025992
0.052779
0.048658
0.044132
0.040078
0.057828
0.028524
0.033200
0.049832
0.078671
0.026132
0.058574
0.056636
0.020269
0.018192
0.027679
0.035197
0.040655
0.048658
0.036628
0.057679
0.056487
0.040078
0.038350
0.049979
0.055149
0.039501
0.053667
0.055149
0.021798
0.034340
0.053075
0.047779
0.034625
0.058724
0.023192
0.057381
0.049832
0.016398
0.026413
0.043261
0.037631
0.042535
0.029089
0.054852
0.037488
0.028807
0.047925
0.036771
0.053223
0.037631
0.033058
0.040078
0.054259
0.025711
0.050273
0.044568
0.031637
0.039069
0.056487
0.049098
0.039069
0.050714
0.030503
0.040222
0.053371
0.038637
0.047632
0.027397
0.040655
0.043551
0.046609
0.050273
0.014885
0.021242
0.022495
0.015847
0.043115
0.016673
0.043115
0.025290
0.045442
0.054259
0.038493
0.055595
0.021520
0.056487
0.049685
0.039933
0.035197
0.042680
0.036198
0.014062
0.049685
0.035769
0.024450
0.049391
0.022774
0.021242
0.012829
0.036628
0.032205
0.038206
0.031495
0.012692
0.050714
0.026273
0.026132
0.078671
0.027820
0.024590
0.024170
0.051304
0.052484
0.046901
0.029513
0.039213
0.049832
0.039069
0.040511
0.047047
0.032063
0.045733
0.031495
0.042246
0.028807
0.032063
0.055595
0.021381
0.037201
0.054407
0.030786
0.026554
0.030078
0.041233
0.022077
0.011327
0.052927
0.015435
0.038781
0.044132
0.053371
0.035054
0.022077
0.056189
0.016260
0.025851
0.051598
0.013650
0.020964
0.050126
0.051598
0.050273
0.049832
0.055298
0.040078
0.042246
0.020131
0.028242
0.024031
0.053815
0.020131
0.027820
0.048658
0.010237
0.011191
0.040944
0.053371
0.049979
0.053223
0.057679
0.019992
0.053519
0.039069
0.030503
0.049245
0.047340
0.057381
0.036628
0.043987
0.029089
0.044859
0.050862
0.055298
0.029230
0.056338
0.038781
0.040511
0.045296
0.052041
0.034768
0.048365
0.053223
0.016673
0.047925
0.052336
0.029371
0.045005
0.036198
0.056785
0.033485
0.044859
0.027961
0.052189
0.042535
0.058574
0.027820
0.078671
0.055001
0.026132
0.047194
0.031779
0.044132
0.048218
0.038925
0.049538
0.055001
0.057381
0.046463
0.038350
0.050126
0.052189
0.053815
0.051598
0.047340
0.040655
0.025571
0.056933
0.056189
0.043987
0.054852
0.032631
0.057530
0.036198
0.031353
0.029089
0.024450
0.053223
0.053371
0.045588
0.030928
0.041088
0.042680
0.027538
0.046025
0.056338
0.035912
0.034055
0.038206
0.049391
0.047632
0.040222
0.037631
0.031353
0.038206
0.043987
0.053075
0.041956
0.044423
0.035340
0.046171
0.052927
0.024870
0.030078
0.046317
0.055001
0.041377
0.042246
0.052041
0.054852
0.048511
0.055001
0.055892
0.037775
0.052779
0.050420
0.021520
0.055595
0.039357
0.032347
0.036628
0.055446
0.044423
0.058126
0.013514
0.045879
0.049098
0.038062
0.042246
0.038062
0.031211
0.029795
0.033058
0.044277
0.035912
0.054407
0.043406
0.051156
0.020686
0.034911
0.033343
0.036628
0.058425
0.056636
0.024590
0.055001
0.078671
0.033343
0.026975
0.022216
0.034055
0.055446
0.045879
0.027538
0.054407
0.046171
0.046317
0.051304
0.055001
0.051451
0.053667
0.056189
0.053223
0.030220
0.051156
0.077896
0.054556
0.033058
0.059322
0.030361
0.055743
0.053815
0.032063
0.023192
0.043261
0.055001
0.057082
0.019714
0.026413
0.059621
0.048218
0.032631
0.037775
0.051598
0.030644
0.016949
0.036628
0.047779
0.045296
0.036628
0.030078
0.049098
0.021659
0.057679
0.044568
0.053815
0.046755
0.051304
0.027397
0.055743
0.046463
0.049245
0.016398
0.053815
0.054407
0.057679
0.031921
0.046317
0.035340
0.053667
0.038062
0.047632
0.047340
0.057828
0.056189
0.053815
0.048365
0.025150
0.042391
0.033485
0.054852
0.050862
0.025150
0.049098
0.045151
0.026835
0.023611
0.054704
0.037919
0.053075
0.034483
0.047047
0.058276
0.046901
0.035197
0.022216
0.038781
0.027679
0.035483
0.045733
0.048804
0.020269
0.024170
0.026132
0.033343
0.078671
0.037775
0.028383
0.035197
0.035340
0.036771
0.027538
0.043987
0.046025
0.044132
0.056338
0.057828
0.017225
0.056189
0.034055
0.039069
0.042246
0.048072
0.056636
0.050273
0.018192
0.047779
0.053815
0.049979
0.041667
0.057679
0.024310
0.015985
0.048804
0.054407
0.055446
0.035197
0.041377
0.036771
0.013377
0.056338
0.049391
0.017225
0.027820
0.052336
0.048072
0.050273
0.029795
0.033912
0.057530
0.052041
0.050420
0.051451
0.024031
0.022774
0.029089
0.030928
0.052779
0.032063
0.049245
0.030644
0.050126
0.048658
0.047632
0.043696
0.033485
0.043696
0.045151
0.026132
0.056338
0.037631
0.056636
0.042680
0.045005
0.048658
0.031353
0.049832
0.042680
0.058126
0.056041
0.052189
0.033770
0.039789
0.053371
0.029230
0.052927
0.050420
0.039069
0.049979
0.054407
0.043841
0.022077
0.046755
0.047779
0.048511
0.031070
0.041811
0.055149
0.035483
0.018192
0.051304
0.047194
0.026975
0.037775
0.078671
0.052632
0.054111
0.057828
0.055001
0.052041
0.051304
0.056785
0.040799
0.051451
0.055149
0.041233
0.077431
0.044277
0.037058
0.076504
0.035340
0.044277
0.055892
0.056785
0.047340
0.045588
0.055001
0.023751
0.038925
0.077431
0.028242
0.056636
0.054111
0.043406
0.028665
0.021659
0.057530
0.032916
0.055743
0.053371
0.025571
0.027397
0.042970
0.054556
0.055892
0.054407
0.055892
0.049245
0.043406
0.025571
0.053519
0.039501
0.048511
0.046463
0.051746
0.046463
0.019160
0.024870
0.054111
0.058873
0.058276
0.054259
0.031070
0.013103
0.047486
0.053371
0.014473
0.051009
0.024310
0.047047
0.055743
0.049098
0.057828
0.043115
0.057381
0.031495
0.054111
0.036484
0.047779
0.043261
0.035197
0.053667
0.026273
0.042680
0.046463
0.042535
0.057231
0.039933
0.025571
0.053223
0.051304
0.043406
0.052336
0.035054
0.029371
0.049098
0.025992
0.027679
0.052484
0.031779
0.022216
0.028383
0.052632
0.078671
0.031495
0.049391
0.038062
0.057977
0.055149
0.055892
0.048804
0.023053
0.050567
0.040944
0.056338
0.025992
0.048658
0.051304
0.015710
0.024590
0.050862
0.040078
0.044423
0.026413
0.054852
0.035483
0.016260
0.048658
0.027397
0.045005
0.051156
0.056041
0.046609
0.019437
0.057530
0.030078
0.051746
0.054259
0.021381
0.029230
0.054259
0.048951
0.042970
0.056636
0.055298
0.038781
0.058425
0.050862
0.045296
0.032347
0.031070
0.026413
0.028524
0.015572
0.027538
0.015022
0.038637
0.056785
0.051893
0.037201
0.055892
0.030503
0.039213
0.043406
0.047340
0.056636
0.028807
0.042970
0.036198
0.030928
0.054111
0.057231
0.056487
0.049832
0.055892
0.055595
0.030644
0.055446
0.027961
0.049832
0.017087
0.077431
0.046609
0.016673
0.051156
0.040655
0.045442
0.029513
0.034055
0.036628
0.053371
0.044423
0.016536
0.049538
0.028948
0.035197
0.046901
0.044132
0.034055
0.035197
0.054111
0.031495
0.078671
0.039933
0.052632
0.039645
0.055001
0.055892
0.047486
0.053075
0.049391
0.050567
0.057828
0.056338
0.047925
0.051451
0.023472
0.044714
0.056785
0.047632
0.040222
0.028242
0.054407
0.018745
0.018468
0.041088
0.018053
0.044132
0.042101
0.032347
0.038206
0.031637
0.078051
0.017225
0.045442
0.052336
0.025010
0.046317
0.024730
0.055595
0.053815
0.048658
0.048072
0.032916
0.035340
0.023332
0.046463
0.032347
0.026413
0.029795
0.051009
0.052484
0.012419
0.035054
0.034055
0.056189
0.049979
0.039789
0.033627
0.054852
0.054407
0.054407
0.054556
0.053815
0.053371
0.056636
0.051893
0.048365
0.042246
0.040655
0.041811
0.055743
0.052779
0.057828
0.030644
0.048365
0.045879
0.054259
0.048804
0.052336
0.045005
0.050862
0.052041
0.057530
0.053371
0.046025
0.055001
0.049538
0.036771
0.033058
0.051746
0.046317
0.053075
0.040655
0.029513
0.048218
0.055446
0.035340
0.057828
0.049391
0.039933
0.078671
0.057381
0.036628
0.057828
0.056933
0.038637
0.049098
0.055892
0.051598
0.057082
0.056041
0.056636
0.047486
0.052484
0.052632
0.049832
0.077586
0.076349
0.046755
0.058276
0.054259
0.055001
0.045005
0.049832
0.057082
0.056487
0.029089
0.032489
0.052779
0.050567
0.054111
0.054852
0.056933
0.031211
0.029795
0.048365
0.052632
0.056189
0.055595
0.055743
0.053371
0.042825
0.054111
0.053371
0.054556
0.042391
0.056189
0.050567
0.038493
0.056041
0.049391
0.036628
0.076504
0.054407
0.042825
0.049538
0.054556
0.058574
0.044568
0.048951
0.044568
0.048511
0.042391
0.038781
0.051451
0.049979
0.055892
0.053519
0.057231
0.048804
0.057231
0.041667
0.056487
0.052041
0.059621
0.054259
0.051304
0.035769
0.021103
0.056487
0.054556
0.045442
0.047047
0.077122
0.034625
0.055001
0.043696
0.035769
0.022913
0.034625
0.048658
0.039213
0.038925
0.045879
0.036771
0.055001
0.038062
0.052632
0.057381
0.078671
0.049391
0.079137
0.058724
0.046609
0.052189
0.053519
0.056933
0.055446
0.057828
0.077122
0.051156
0.045588
0.054259
0.056487
0.053371
0.058276
0.054852
0.076813
0.044277
0.039501
0.051304
0.057082
0.052927
0.057828
0.026835
0.026273
0.050714
0.046755
0.057977
0.041377
0.057828
0.057231
0.057977
0.034625
0.050862
0.045588
0.055149
0.059023
0.025571
0.048218
0.049538
0.051304
0.050714
0.053519
0.053371
0.059322
0.047925
0.039213
0.051893
0.044132
0.057231
0.059023
0.046609
0.050862
0.011600
0.052041
0.051746
0.010237
0.041088
0.020825
0.050862
0.040222
0.050714
0.049538
0.054704
0.055001
0.024870
0.048951
0.052336
0.053371
0.041088
0.040799
0.057679
0.025150
0.041233
0.049098
0.016949
0.057381
0.036198
0.021798
0.044859
0.051304
0.027257
0.057679
0.047779
0.020131
0.047632
0.022077
0.036628
0.049832
0.049538
0.027538
0.027538
0.052041
0.057977
0.039645
0.036628
0.049391
0.078671
0.050420
0.056785
0.046901
0.023891
0.041811
0.054407
0.048365
0.022356
0.042970
0.047779
0.011463
0.041811
0.052779
0.031921
0.038781
0.028524
0.055446
0.025571
0.015847
0.050714
0.037775
0.047340
0.054556
0.052632
0.045588
0.020686
0.051893
0.034911
0.043841
0.053667
0.027538
0.044277
0.050862
0.037919
0.049538
0.055892
0.055298
0.026554
0.056487
0.047925
0.047340
0.034483
0.042246
0.020964
0.046025
0.032063
0.011054
0.021103
0.052336
0.055446
0.058126
0.057679
0.050862
0.042970
0.077586
0.054852
0.054259
0.057381
0.055298
0.052927
0.057381
0.054259
0.052189
0.056636
0.052041
0.077277
0.052927
0.056487
0.043696
0.077896
0.054704
0.056636
0.053223
0.056933
0.049245
0.029937
0.054259
0.059023
0.045151
0.057977
0.078671
0.053667
0.055298
0.054556
0.051156
0.035483
0.053815
0.057679
0.039069
0.055001
0.054407
0.043987
0.051304
0.055149
0.055001
0.057828
0.079137
0.050420
0.078671
0.078051
0.046463
0.052484
0.053371
0.055595
0.056933
0.057381
0.077586
0.050862
0.047047
0.052927
0.056041
0.054852
0.078671
0.046025
0.078516
0.050862
0.040366
0.038062
0.054111
0.054111
0.056338
0.047194
0.051304
0.046463
0.051746
0.055446
0.055298
0.067768
0.057530
0.077586
0.043115
0.059023
0.048365
0.057082
0.058276
0.036055
0.058276
0.057082
0.050126
0.057679
0.048658
0.055446
0.059322
0.045442
0.055595
0.053075
0.051304
0.055446
0.057977
0.058724
0.053223
0.027961
0.069595
0.055298
0.043987
0.078206
0.054556
0.057679
0.057977
0.055001
0.052632
0.058574
0.053815
0.056933
0.053075
0.058873
0.056189
0.055446
0.054852
0.076967
0.055001
0.056785
0.056933
0.034911
0.055892
0.076040
0.050567
0.056785
0.056933
0.054704
0.057530
0.053519
0.047925
0.050567
0.048511
0.056487
0.040511
0.057381
0.046171
0.046025
0.056785
0.055892
0.055892
0.056933
0.058724
0.056785
0.078051
0.078671
0.051451
0.054111
0.054704
0.056487
0.076040
0.054852
0.056487
0.053223
0.036484
0.051893
0.056933
0.055595
0.076349
0.038493
0.077741
0.046463
0.036055
0.047779
0.051304
0.057231
0.056189
0.049538
0.054111
0.029089
0.054852
0.053963
0.055446
0.077122
0.053519
0.057977
0.043841
0.077431
0.053371
0.078516
0.058425
0.044568
0.057231
0.054852
0.058126
0.055595
0.045879
0.053371
0.058425
0.046609
0.048365
0.044568
0.055595
0.057082
0.037775
0.055892
0.077586
0.042680
0.051156
0.049245
0.020269
0.042825
0.042535
0.053667
0.037775
0.054259
0.055595
0.049098
0.052779
0.051304
0.049391
0.076040
0.052927
0.046609
0.040511
0.053815
0.026273
0.052927
0.076504
0.039213
0.076040
0.048365
0.049245
0.055892
0.045442
0.054852
0.056933
0.039933
0.020686
0.057828
0.030220
0.040078
0.047047
0.046463
0.046317
0.044132
0.040799
0.048804
0.047486
0.038637
0.046609
0.046901
0.046463
0.051451
0.078671
0.055595
0.058574
0.038350
0.057381
0.037919
0.046901
0.046755
0.019714
0.056338
0.076504
0.019714
0.043987
0.047925
0.054556
0.049832
0.026694
0.029937
0.023192
0.040511
0.053963
0.041088
0.030928
0.038925
0.046901
0.014336
0.038350
0.037488
0.028524
0.036198
0.041377
0.043115
0.034055
0.040222
0.042535
0.041811
0.036341
0.044568
0.056338
0.020269
0.029230
0.015297
0.051156
0.048658
0.018468
0.026694
0.032347
0.055149
0.044277
0.052189
0.054111
0.053667
0.054407
0.053963
0.054852
0.053075
0.056189
0.058276
0.039069
0.052779
0.052041
0.045588
0.042391
0.055298
0.055892
0.056487
0.043115
0.057381
0.054556
0.050273
0.045442
0.058126
0.047047
0.049979
0.045879
0.055298
0.059172
0.047340
0.049538
0.050273
0.045879
0.045588
0.043841
0.049979
0.045879
0.038350
0.032063
0.038350
0.051304
0.056338
0.051451
0.023053
0.053075
0.049098
0.052189
0.023891
0.052484
0.054111
0.055595
0.078671
0.078981
0.025992
0.076504
0.054852
0.051451
0.044714
0.048365
0.057977
0.057530
0.032631
0.054407
0.052632
0.057231
0.047047
0.046609
0.032205
0.034483
0.052927
0.054704
0.035483
0.033058
0.046317
0.045151
0.023751
0.055001
0.042391
0.025290
0.027397
0.037344
0.052336
0.048218
0.041522
0.036484
0.055149
0.031070
0.040655
0.057679
0.034197
0.034768
0.039213
0.049685
0.056487
0.043261
0.049685
0.027679
0.052632
0.054259
0.059322
0.054259
0.057530
0.052484
0.055298
0.045442
0.051746
0.056338
0.077896
0.056487
0.056041
0.053075
0.046755
0.049685
0.051304
0.054259
0.058425
0.048511
0.052779
0.047632
0.054556
0.043841
0.057381
0.056041
0.077586
0.055743
0.054556
0.077431
0.053519
0.051451
0.049098
0.050420
0.042535
0.042680
0.056041
0.055149
0.049979
0.045733
0.050126
0.055001
0.057828
0.055149
0.050567
0.049391
0.055892
0.053519
0.041811
0.053371
0.054704
0.058574
0.078981
0.078671
0.043261
0.077277
0.051598
0.048072
0.052189
0.048072
0.058276
0.055743
0.050567
0.053963
0.058126
0.056933
0.054259
0.054111
0.054407
0.036771
0.055743
0.056933
0.056189
0.033770
0.055595
0.052041
0.030220
0.055298
0.054407
0.019299
0.029513
0.057231
0.053519
0.055298
0.052484
0.054259
0.057977
0.053815
0.055446
0.077122
0.037058
0.038350
0.047632
0.048804
0.053519
0.053075
0.056189
0.027961
0.057231
0.053667
0.031495
0.051009
0.035483
0.039645
0.054111
0.029795
0.042825
0.041233
0.046171
0.024590
0.048511
0.036771
0.076040
0.043115
0.037201
0.034197
0.055595
0.045442
0.038206
0.034911
0.055446
0.049245
0.038493
0.043406
0.012692
0.054556
0.055298
0.029513
0.047340
0.048804
0.027679
0.053223
0.038781
0.011054
0.034197
0.024170
0.055149
0.031495
0.052189
0.051451
0.017225
0.041233
0.040944
0.050567
0.051598
0.056933
0.054407
0.055595
0.056487
0.038350
0.025992
0.043261
0.078671
0.043987
0.053963
0.042391
0.023611
0.026975
0.056041
0.049979
0.051893
0.050714
0.028242
0.052632
0.035769
0.012692
0.040944
0.048365
0.047340
0.053519
0.017501
0.040655
0.039501
0.044277
0.043551
0.031921
0.055149
0.030503
0.052041
0.026835
0.047925
0.043261
0.059472
0.055595
0.020547
0.034340
0.045588
0.053667
0.048804
0.050420
0.039789
0.054556
0.051598
0.018607
0.048951
0.048072
0.055001
0.054852
0.057679
0.053371
0.053815
0.054407
0.056785
0.052632
0.058276
0.054111
0.077896
0.055892
0.054852
0.057679
0.050273
0.055743
0.057828
0.056338
0.078361
0.049685
0.055446
0.052336
0.055446
0.048951
0.058126
0.055149
0.057082
0.056487
0.054407
0.058126
0.053075
0.051304
0.056636
0.053815
0.047486
0.052041
0.057828
0.054111
0.039501
0.042246
0.053815
0.053667
0.056189
0.077431
0.056338
0.057828
0.057082
0.055446
0.048365
0.056933
0.076040
0.057381
0.076504
0.077277
0.043987
0.078671
0.055743
0.053667
0.053815
0.050420
0.055892
0.058724
0.053371
0.057977
0.050567
0.059023
0.047779
0.052484
0.054556
0.038493
0.060071
0.057231
0.048804
0.035054
0.052927
0.058276
0.036484
0.076813
0.056636
0.033770
0.033627
0.044277
0.056933
0.057530
0.053223
0.050862
0.058276
0.046609
0.052632
0.058276
0.051746
0.036914
0.053667
0.052041
0.054111
0.050126
0.050126
0.038206
0.077122
0.051156
0.042970
0.051304
0.053075
0.051893
0.046463
0.057828
0.045588
0.056636
0.053815
0.028948
0.042825
0.048511
0.055743
0.038493
0.056785
0.053075
0.060071
0.021659
0.057381
0.056338
0.051304
0.055001
0.056636
0.031070
0.030644
0.048804
0.053075
0.051893
0.046463
0.055595
0.051746
0.034197
0.053519
0.046609
0.037919
0.049098
0.053667
0.028807
0.051598
0.056189
0.034055
0.044277
0.025992
0.056338
0.056041
0.057828
0.022356
0.057381
0.054852
0.037919
0.054852
0.051598
0.053963
0.055743
0.078671
0.059023
0.028383
0.056933
0.055001
0.057977
0.053223
0.058126
0.040366
0.057082
0.050126
0.030928
0.030078
0.045588
0.054259
0.056338
0.017087
0.036484
0.054407
0.051893
0.039933
0.054556
0.053519
0.041522
0.050273
0.021381
0.055446
0.053667
0.050420
0.046901
0.041377
0.028383
0.034911
0.043987
0.058574
0.050567
0.055595
0.052336
0.055595
0.049979
0.052189
0.033485
0.056487
0.052041
0.050567
0.040078
0.049391
0.058425
0.048072
0.053963
0.041956
0.050567
0.045588
0.040222
0.053963
0.057828
0.052484
0.055001
0.059472
0.051009
0.053075
0.030503
0.078051
0.058276
0.053815
0.042535
0.055149
0.037344
0.030361
0.048511
0.045442
0.039789
0.054407
0.078051
0.053371
0.045442
0.053519
0.054556
0.032489
0.041377
0.055149
0.032063
0.047340
0.053223
0.039069
0.037058
0.048658
0.047925
0.056636
0.077122
0.042970
0.077586
0.056487
0.046901
0.051451
0.048072
0.042391
0.053667
0.059023
0.078671
0.036914
0.052632
0.045296
0.055595
0.044859
0.078051
0.051451
0.079137
0.055743
0.043987
0.031779
0.053815
0.054556
0.053815
0.031637
0.043261
0.054111
0.046025
0.048511
0.057828
0.056487
0.053815
0.053371
0.036341
0.051156
0.045296
0.049538
0.054704
0.038637
0.048218
0.054556
0.038925
0.045005
0.047047
0.053815
0.053075
0.042825
0.054852
0.049685
0.030220
0.054111
0.041811
0.050862
0.049832
0.016260
0.045005
0.030361
0.019853
0.051451
0.019992
0.051893
0.045588
0.040655
0.044132
0.016260
0.055446
0.045151
0.058276
0.054704
0.035912
0.037201
0.038206
0.046609
0.021103
0.048804
0.051156
0.030078
0.040366
0.045151
0.024870
0.020547
0.036484
0.049685
0.046317
0.029371
0.042391
0.049245
0.042246
0.021798
0.055595
0.040655
0.030220
0.042246
0.076504
0.051304
0.051451
0.047486
0.051156
0.047779
0.050862
0.053223
0.046755
0.044714
0.052189
0.023611
0.053815
0.028383
0.036914
0.078671
0.020686
0.039645
0.048072
0.030220
0.043987
0.042535
0.052484
0.015022
0.027116
0.058425
0.024870
0.041088
0.050862
0.057530
0.027679
0.018883
0.055298
0.042246
0.045733
0.040655
0.041377
0.034483
0.054556
0.048072
0.025571
0.028524
0.043551
0.029230
0.056041
0.045879
0.038350
0.033343
0.049098
0.032063
0.055446
0.049832
0.016673
0.027116
0.052189
0.051304
0.029230
0.045005
0.021798
0.057231
0.043841
0.039069
0.055001
0.029654
0.054407
0.052484
0.029230
0.039213
0.031070
0.019576
0.012692
0.051304
0.045151
0.045296
0.014062
0.049098
0.056041
0.025010
0.050567
0.046025
0.018607
0.049391
0.018883
0.047047
0.054556
0.027820
0.045442
0.045151
0.019299
0.032347
0.056189
0.032916
0.055892
0.034340
0.021381
0.025571
0.051156
0.048072
0.035340
0.015710
0.023472
0.052484
0.045588
0.011463
0.047047
0.036484
0.019714
0.048365
0.048072
0.026975
0.050420
0.056933
0.052632
0.020686
0.078671
0.052779
0.038062
0.035483
0.057381
0.045005
0.051009
0.057231
0.053815
0.020825
0.034197
0.053963
0.055149
0.016260
0.025571
0.050126
0.020964
0.023611
0.056189
0.048951
0.017363
0.022634
0.028524
0.051009
0.051746
0.025431
0.035626
0.056041
0.020131
0.032489
0.029089
0.055892
0.043551
0.057231
0.017915
0.052779
0.054407
0.055595
0.013788
0.046463
0.050126
0.054704
0.057828
0.058126
0.051598
0.055149
0.047632
0.047194
0.057530
0.057679
0.032347
0.059472
0.036628
0.044277
0.044714
0.047340
0.046901
0.076967
0.033200
0.048072
0.052189
0.046317
0.051746
0.051156
0.049832
0.035054
0.051893
0.055892
0.054259
0.056636
0.045733
0.048804
0.036628
0.041956
0.023192
0.050126
0.053815
0.053075
0.037201
0.056933
0.077896
0.056636
0.044277
0.024590
0.044714
0.052632
0.054259
0.041811
0.052927
0.051893
0.056338
0.057977
0.058276
0.056041
0.055892
0.055001
0.045296
0.039645
0.052779
0.078671
0.057679
0.033200
0.057231
0.055446
0.055892
0.055149
0.040799
0.038062
0.042825
0.055149
0.076967
0.033343
0.035912
0.057231
0.044277
0.025290
0.039933
0.051009
0.028665
0.026132
0.048951
0.050862
0.049832
0.051746
0.041667
0.053371
0.033343
0.052041
0.058425
0.047632
0.051451
0.046609
0.050714
0.058126
0.028665
0.054852
0.037919
0.057082
0.056041
0.056189
0.076813
0.044423
0.050126
0.054852
0.040655
0.053371
0.051893
0.057231
0.035340
0.077277
0.058126
0.056189
0.057381
0.048804
0.053371
0.077586
0.050273
0.054704
0.056636
0.056636
0.040799
0.055595
0.050420
0.031070
0.056041
0.054111
0.047340
0.053223
0.056785
0.055001
0.054259
0.048218
0.027538
0.054111
0.041956
0.047779
0.054407
0.056189
0.054556
0.050273
0.055892
0.050862
0.056785
0.049832
0.056487
0.052779
0.056041
0.056933
0.076504
0.057530
0.055743
0.049979
0.058724
0.057977
0.055595
0.048072
0.038062
0.057679
0.078671
0.032205
0.055001
0.052927
0.058126
0.042391
0.028383
0.047047
0.039357
0.057231
0.058574
0.041956
0.045296
0.053963
0.056785
0.023472
0.053223
0.055446
0.041377
0.046463
0.042101
0.055743
0.056636
0.055743
0.055446
0.051156
0.038781
0.043987
0.055446
0.049832
0.051451
0.044423
0.053815
0.057381
0.023192
0.032205
0.051893
0.077431
0.049245
0.027961
0.018330
0.032347
0.039501
0.049685
0.037919
0.054259
0.048511
0.052632
0.040511
0.032205
0.024170
0.045588
0.035769
0.042246
0.042391
0.047925
0.041667
0.035626
0.026413
0.051009
0.038206
0.049979
0.039069
0.031070
0.044277
0.053815
0.048658
0.025010
0.047486
0.027538
0.039213
0.034625
0.025150
0.044714
0.036628
0.034625
0.030786
0.043987
0.033058
0.018192
0.056785
0.040078
0.047632
0.077586
0.053371
0.031921
0.054852
0.055595
0.019714
0.032631
0.050567
0.051893
0.053371
0.053223
0.044859
0.030220
0.035483
0.033200
0.032205
0.078671
0.053519
0.045005
0.053815
0.036914
0.041811
0.048365
0.031070
0.056785
0.034768
0.021659
0.032063
0.025571
0.045733
0.038350
0.047047
0.057679
0.016122
0.024730
0.034055
0.053963
0.054852
0.056338
0.057679
0.036198
0.047194
0.028524
0.051746
0.037058
0.037488
0.043987
0.039789
0.032773
0.029795
0.030361
0.037344
0.056487
0.055001
0.056636
0.043987
0.053963
0.056189
0.057381
0.058724
0.054259
0.056636
0.055892
0.055001
0.058873
0.053519
0.047486
0.046317
0.078361
0.052632
0.057828
0.034911
0.077122
0.076658
0.052336
0.054704
0.052336
0.039933
0.050273
0.043696
0.057231
0.049979
0.058574
0.076040
0.055001
0.045296
0.055595
0.055595
0.035340
0.057530
0.058724
0.026554
0.054852
0.059322
0.047779
0.047340
0.044423
0.040222
0.076349
0.058276
0.038781
0.078671
0.076349
0.043987
0.054407
0.053963
0.050714
0.057977
0.058126
0.078051
0.043987
0.057381
0.057231
0.055001
0.053519
0.078671
0.040222
0.078361
0.060221
0.052927
0.031921
0.053075
0.056785
0.057530
0.034055
0.055892
0.053075
0.044714
0.054704
0.056785
0.056636
0.052632
0.047779
0.045296
0.056933
0.049832
0.056785
0.052927
0.056041
0.054556
0.078671
0.054556
0.056189
0.048218
0.056487
0.054259
0.052336
0.058276
0.056933
0.044568
0.055743
0.045296
0.039789
0.029795
0.055001
0.053075
0.040078
0.028524
0.021938
0.053815
0.056041
0.031637
0.051451
0.032347
0.031779
0.042680
0.034340
0.031495
0.051746
0.025010
0.045151
0.045442
0.046609
0.037201
0.054259
0.041088
0.037201
0.051598
0.050273
0.056189
0.035483
0.056785
0.031637
0.028101
0.021520
0.033058
0.043987
0.043261
0.023192
0.030078
0.032631
0.030361
0.053815
0.045588
0.026413
0.028242
0.046755
0.054852
0.028524
0.046025
0.038493
0.047925
0.052632
0.058126
0.028242
0.050567
0.040366
0.051451
0.042535
0.045005
0.055446
0.052927
0.045005
0.040222
0.078671
0.053371
0.054259
0.057381
0.049979
0.051304
0.051746
0.049245
0.049979
0.019576
0.052632
0.021520
0.024870
0.043115
0.046317
0.032773
0.031637
0.056487
0.028665
0.048072
0.033770
0.048658
0.042970
0.045733
0.032347
0.052632
0.018468
0.039789
0.038637
0.050714
0.049538
0.030078
0.051893
0.022634
0.055595
0.059172
0.059472
0.054259
0.050714
0.077586
0.057231
0.056338
0.057828
0.057381
0.057082
0.057530
0.057977
0.055595
0.055001
0.055298
0.078516
0.055446
0.059322
0.050273
0.078981
0.057828
0.057679
0.051893
0.059621
0.053223
0.039789
0.056338
0.058126
0.052336
0.059322
0.077431
0.057828
0.054704
0.056636
0.055595
0.050567
0.055149
0.057381
0.041233
0.057530
0.055743
0.049979
0.055001
0.054852
0.054407
0.058276
0.076813
0.055446
0.078516
0.077741
0.054556
0.057231
0.056933
0.052632
0.059023
0.057082
0.079137
0.052484
0.051009
0.055892
0.058126
0.053815
0.078361
0.053371
0.078671
0.058724
0.051746
0.043261
0.055001
0.057231
0.057828
0.052632
0.055446
0.052927
0.055001
0.053963
0.058724
0.057977
0.056338
0.055743
0.052927
0.058574
0.053075
0.057679
0.057679
0.050714
0.057828
0.057828
0.056338
0.051893
0.049098
0.055743
0.057828
0.053075
0.058425
0.053371
0.054407
0.058276
0.035340
0.048218
0.030361
0.056785
0.055892
0.051009
0.047340
0.029371
0.058276
0.055001
0.040222
0.055001
0.029795
0.039501
0.021798
0.056785
0.032347
0.053371
0.021798
0.048951
0.057530
0.034197
0.043987
0.049685
0.043261
0.054407
0.044423
0.052779
0.055149
0.054259
0.056189
0.056189
0.027820
0.043261
0.055743
0.049538
0.056189
0.049832
0.022077
0.036198
0.053815
0.041667
0.023751
0.035483
0.018745
0.054259
0.044277
0.025571
0.050862
0.046463
0.049832
0.047047
0.054259
0.035769
0.047779
0.050126
0.055743
0.015022
0.057231
0.055149
0.042391
0.036914
0.060221
0.054259
0.058724
0.078671
0.055001
0.017777
0.043987
0.049979
0.054556
0.025150
0.046755
0.051598
0.021659
0.025290
0.052632
0.051893
0.023751
0.025290
0.049832
0.045588
0.049979
0.043115
0.042391
0.055149
0.033770
0.050862
0.048658
0.038206
0.040655
0.048804
0.029795
0.049245
0.054704
0.055595
0.014885
0.047486
0.032916
0.040366
0.018468
0.055149
0.050862
0.042246
0.048658
0.024310
0.055298
0.055001
0.053075
0.039501
0.021381
0.016260
0.016260
0.047632
0.034625
0.039069
0.013377
0.032631
0.034625
0.029513
0.031637
0.047340
0.028948
0.053223
0.025431
0.049098
0.056487
0.037488
0.044423
0.032773
0.022077
0.011463
0.058126
0.029371
0.053963
0.016398
0.011327
0.031353
0.032063
0.057679
0.038925
0.016260
0.018468
0.055001
0.039501
0.015847
0.040366
0.036055
0.026694
0.046609
0.054111
0.012692
0.052484
0.030928
0.043987
0.027116
0.053815
0.040799
0.028383
0.041811
0.052927
0.057381
0.051746
0.055001
0.078671
0.018053
0.027820
0.054407
0.051451
0.036771
0.012556
0.048218
0.018468
0.015435
0.056636
0.052041
0.017777
0.019992
0.050862
0.025851
0.055149
0.021798
0.029654
0.054556
0.041811
0.047925
0.043406
0.027116
0.013377
0.050420
0.025992
0.029513
0.057381
0.053075
0.016536
0.046317
0.044714
0.038493
0.029513
0.017363
0.030220
0.036055
0.012282
0.038062
0.019437
0.050567
0.024450
0.033058
0.045151
0.026413
0.049538
0.018053
0.053223
0.053371
0.051304
0.025431
0.034483
0.048365
0.025150
0.029371
0.045588
0.030644
0.046755
0.034911
0.025711
0.017225
0.044132
0.026835
0.051598
0.035197
0.021520
0.052189
0.025150
0.026413
0.052927
0.029089
0.023192
0.024310
0.077431
0.048658
0.041088
0.045005
0.051304
0.050714
0.038062
0.047779
0.029937
0.032205
0.054407
0.040944
0.054556
0.030078
0.031779
0.058425
0.020825
0.038062
0.047047
0.048365
0.031921
0.049979
0.043261
0.017777
0.018053
0.078671
0.028665
0.052632
0.039933
0.043406
0.025992
0.020825
0.046171
0.032631
0.034768
0.041811
0.016673
0.020269
0.047779
0.035912
0.037344
0.043696
0.047047
0.031779
0.047047
0.028524
0.042970
0.021242
0.054407
0.023332
0.040222
0.036914
0.009829
0.022634
0.043406
0.054852
0.038925
0.027961
0.024730
0.030078
0.057828
0.043406
0.029937
0.015985
0.041956
0.030361
0.013925
0.045733
0.021520
0.045296
0.020131
0.051304
0.025711
0.046901
0.013650
0.039069
0.047632
0.054704
0.057828
0.033912
0.017501
0.012009
0.049098
0.037344
0.019299
0.053371
0.057828
0.024870
0.025290
0.014199
0.043841
0.010101
0.037488
0.043261
0.015435
0.024450
0.043261
0.015985
0.028242
0.027397
0.018053
0.049832
0.057082
0.037775
0.054111
0.051304
0.023192
0.034483
0.036771
0.048365
0.038493
0.045588
0.053815
0.024870
0.034197
0.042825
0.039357
0.031070
0.053075
0.051304
0.055001
0.043987
0.027820
0.028665
0.078671
0.037775
0.055446
0.017777
0.015022
0.032916
0.018745
0.077431
0.035769
0.040944
0.058724
0.052484
0.039357
0.028948
0.023332
0.037488
0.041088
0.012556
0.027679
0.052632
0.033627
0.051893
0.027679
0.055001
0.051156
0.029230
0.040655
0.054852
0.023472
0.046609
0.057530
0.055298
0.046171
0.049979
0.042535
0.057082
0.046317
0.053667
0.056041
0.057679
0.042680
0.057082
0.046755
0.040366
0.052041
0.044859
0.052484
0.056785
0.037775
0.041667
0.055001
0.054111
0.047779
0.051893
0.036771
0.042680
0.048658
0.054852
0.052632
0.049245
0.051598
0.038062
0.038206
0.043261
0.038350
0.044859
0.053667
0.037631
0.038781
0.053223
0.055001
0.048804
0.056636
0.045005
0.044132
0.057082
0.052927
0.047340
0.054111
0.057231
0.040511
0.052927
0.055743
0.047340
0.060071
0.054259
0.054556
0.041088
0.053963
0.055149
0.057231
0.056785
0.056785
0.051746
0.057231
0.049979
0.054407
0.052632
0.037775
0.078671
0.057381
0.033058
0.042246
0.058276
0.056189
0.023332
0.057679
0.057679
0.027257
0.024870
0.036771
0.056785
0.077277
0.056338
0.055743
0.056041
0.049098
0.044132
0.070358
0.055892
0.047047
0.057231
0.040944
0.053963
0.034483
0.037201
0.045005
0.077741
0.055298
0.050862
0.056041
0.055446
0.057381
0.046463
0.049098
0.039501
0.053223
0.056338
0.052927
0.058126
0.046025
0.046755
0.050714
0.053223
0.053815
0.058425
0.031637
0.050567
0.053519
0.056636
0.056933
0.047486
0.040655
0.043551
0.054852
0.051746
0.051451
0.056041
0.053815
0.052632
0.042246
0.028948
0.049832
0.038925
0.053963
0.042535
0.044132
0.053371
0.057082
0.054407
0.054111
0.051156
0.042101
0.056487
0.057828
0.054556
0.056338
0.056189
0.053963
0.054704
0.056933
0.053519
0.057231
0.056338
0.053815
0.050862
0.055149
0.076967
0.058574
0.034768
0.057530
0.049245
0.057828
0.054556
0.051451
0.039933
0.055446
0.057381
0.078671
0.043987
0.026554
0.056338
0.053963
0.046463
0.052779
0.057530
0.049391
0.048804
0.051746
0.046463
0.055298
0.055298
0.055892
0.049832
0.042680
0.057082
0.051451
0.058724
0.047632
0.056487
0.054111
0.050567
0.049538
0.053667
0.045442
0.076349
0.056338
0.056338
0.043261
0.014885
0.046901
0.041956
0.016673
0.048804
0.022495
0.055892
0.057530
0.046901
0.041956
0.025431
0.056487
0.024310
0.053815
0.036198
0.041377
0.036914
0.032489
0.040366
0.015572
0.051598
0.051156
0.039213
0.046025
0.042535
0.039933
0.035769
0.031495
0.033770
0.043261
0.026273
0.030078
0.053223
0.043987
0.029089
0.053371
0.045588
0.019714
0.055446
0.043406
0.056041
0.032347
0.029089
0.026835
0.052632
0.047194
0.049538
0.041088
0.035483
0.056189
0.017501
0.048804
0.017087
0.031637
0.057530
0.016260
0.033343
0.041956
0.021659
0.034055
0.049979
0.052632
0.025150
0.036771
0.043406
0.017777
0.033058
0.043987
0.078671
0.037058
0.018883
0.046317
0.021103
0.049685
0.048804
0.018745
0.030361
0.078516
0.045005
0.038925
0.035340
0.044714
0.045151
0.076967
0.052484
0.047340
0.017225
0.028948
0.019022
0.047632
0.033770
0.021659
0.022495
0.048804
0.046901
0.051304
0.043696
0.027538
0.014885
0.020825
0.056338
0.027538
0.055446
0.037775
0.043115
0.039501
0.053667
0.047632
0.046025
0.049979
0.031070
0.046901
0.050420
0.045296
0.048511
0.055298
0.022077
0.015572
0.043115
0.044277
0.021938
0.030220
0.050714
0.023192
0.045733
0.043696
0.029371
0.044859
0.079292
0.018330
0.049979
0.029230
0.054852
0.035054
0.030928
0.026413
0.035197
0.028665
0.046609
0.038206
0.032489
0.026273
0.045588
0.051304
0.054111
0.030928
0.033058
0.033770
0.040655
0.035054
0.036484
0.043261
0.027679
0.025571
0.035912
0.045296
0.032063
0.055892
0.019576
0.055446
0.046755
0.012556
0.025992
0.015022
0.042246
0.026554
0.037058
0.078671
0.017639
0.036914
0.019853
0.048804
0.047632
0.014336
0.025150
0.039069
0.055298
0.027116
0.054556
0.039069
0.047194
0.053963
0.037919
0.043696
0.019022
0.049098
0.015160
0.037344
0.053815
0.019160
0.018330
0.048365
0.032773
0.049538
0.029937
0.041088
0.056338
0.039789
0.045442
0.054852
0.016536
0.046171
0.049685
0.021798
0.046171
0.041377
0.025431
0.048072
0.044277
0.049391
0.052336
0.009014
0.053519
0.037201
0.037631
0.032916
0.049685
0.020547
0.033343
0.038781
0.027116
0.048511
0.044277
0.043406
0.032205
0.015435
0.029795
0.025851
0.025150
0.040799
0.037488
0.022077
0.041088
0.059621
0.041377
0.021659
0.019437
0.031637
0.052779
0.050714
0.020686
0.046463
0.029089
0.038925
0.046317
0.055595
0.039501
0.052927
0.054407
0.054111
0.018883
0.050126
0.057231
0.053963
0.025571
0.053075
0.052632
0.052927
0.051598
0.048218
0.020825
0.032916
0.058276
0.056338
0.018883
0.017639
0.078671
0.049391
0.011327
0.046609
0.048072
0.017639
0.013788
0.024170
0.032205
0.054704
0.031353
0.031921
0.048951
0.023751
0.037919
0.049538
0.042101
0.031353
0.047194
0.030361
0.048511
0.040511
0.049098
0.009693
0.055595
0.056785
0.050273
0.054852
0.034340
0.031779
0.046317
0.045151
0.055149
0.026975
0.048218
0.051304
0.046901
0.058276
0.051304
0.077741
0.042970
0.058574
0.052336
0.023891
0.050126
0.029795
0.047486
0.020825
0.057082
0.035197
0.028665
0.055298
0.033627
0.036341
0.037488
0.033627
0.040222
0.041522
0.033200
0.022634
0.048072
0.038062
0.028807
0.056189
0.042680
0.048218
0.036771
0.057530
0.057530
0.078051
0.050567
0.046755
0.051893
0.051746
0.054852
0.046901
0.045151
0.052041
0.044277
0.058276
0.051893
0.046025
0.055298
0.020964
0.044277
0.056785
0.045733
0.044714
0.021520
0.055001
0.021659
0.018468
0.046171
0.018745
0.056189
0.053963
0.046317
0.036914
0.049391
0.078671
0.015435
0.052484
0.054259
0.021798
0.024310
0.039645
0.055595
0.056636
0.055743
0.056041
0.049098
0.048804
0.035197
0.047194
0.048658
0.024590
0.047486
0.040944
0.039933
0.018607
0.019714
0.040799
0.077586
0.033485
0.033912
0.021103
0.013103
0.053815
0.036914
0.024590
0.030644
0.031637
0.025992
0.023751
0.034911
0.015297
0.040655
0.019437
0.048951
0.025150
0.034911
0.018330
0.037919
0.046171
0.054259
0.056636
0.022913
0.018053
0.012966
0.033627
0.039789
0.015022
0.045296
0.055149
0.021520
0.030644
0.021520
0.039501
0.010101
0.034197
0.047925
0.016260
0.027538
0.032631
0.013377
0.032916
0.030078
0.017225
0.054111
0.057977
0.034911
0.055446
0.053963
0.014336
0.023751
0.030220
0.043551
0.036484
0.039933
0.048511
0.042246
0.023611
0.025290
0.023472
0.038350
0.054704
0.024870
0.053963
0.025290
0.015435
0.032631
0.077431
0.023332
0.046463
0.021103
0.019853
0.011327
0.015435
0.078671
0.027257
0.045442
0.057679
0.055298
0.032631
0.036055
0.014473
0.039933
0.039645
0.010237
0.036055
0.054704
0.026132
0.051009
0.039213
0.046609
0.054407
0.016673
0.042970
0.041088
0.032063
0.035483
0.056636
0.054556
0.030220
0.039789
0.055595
0.056189
0.054259
0.050273
0.050714
0.058873
0.055298
0.049098
0.057082
0.036198
0.051746
0.053815
0.057679
0.051598
0.032489
0.058425
0.055446
0.044568
0.044277
0.058873
0.039645
0.053371
0.047486
0.052927
0.055743
0.046025
0.055446
0.045879
0.036628
0.043406
0.057828
0.049098
0.054259
0.036771
0.025851
0.046025
0.037775
0.056338
0.055743
0.051746
0.045442
0.054852
0.041377
0.043841
0.055298
0.055446
0.038350
0.055001
0.055298
0.031921
0.076813
0.054556
0.057828
0.045733
0.056189
0.039933
0.053223
0.047047
0.056785
0.043115
0.058724
0.052632
0.056636
0.034768
0.035769
0.057679
0.052779
0.049685
0.048804
0.046609
0.052484
0.027257
0.078671
0.053075
0.027116
0.032916
0.046755
0.054407
0.057381
0.044277
0.036341
0.058126
0.052041
0.050126
0.051598
0.051893
0.023891
0.051451
0.038206
0.046463
0.055149
0.052336
0.040944
0.054259
0.057381
0.054407
0.046171
0.048511
0.049538
0.052336
0.047194
0.055298
0.054259
0.056189
0.057530
0.055743
0.053815
0.056636
0.054704
0.053667
0.048072
0.052189
0.047925
0.052632
0.054259
0.056487
0.043406
0.049538
0.040799
0.044714
0.054852
0.051746
0.054407
0.052779
0.056785
0.040511
0.053963
0.045442
0.034625
0.044132
0.050567
0.053223
0.051598
0.056338
0.051598
0.049391
0.053371
0.054259
0.052336
0.056933
0.057828
0.053667
0.067768
0.077122
0.037488
0.042391
0.054407
0.055149
0.056636
0.053519
0.056487
0.040655
0.048951
0.051009
0.055446
0.057679
0.056636
0.046317
0.057977
0.051893
0.052041
0.041811
0.040944
0.057679
0.057530
0.048804
0.047632
0.048072
0.054259
0.045442
0.053075
0.078671
0.039933
0.048804
0.050273
0.058425
0.076813
0.078206
0.077586
0.052336
0.052632
0.053963
0.053371
0.055298
0.049391
0.054852
0.045588
0.043261
0.044859
0.043841
0.044423
0.076504
0.028242
0.030644
0.029937
0.015710
0.056933
0.018192
0.025851
0.019576
0.031070
0.015710
0.016673
0.036341
0.018053
0.034483
0.036055
0.055595
0.017915
0.037201
0.009693
0.042680
0.049245
0.055001
0.050273
0.026413
0.013650
0.008065
0.028101
0.027820
0.010101
0.053075
0.056338
0.038781
0.026975
0.016536
0.040366
0.008200
0.029371
0.037631
0.013650
0.035912
0.030644
0.017225
0.025571
0.021381
0.025010
0.031211
0.057231
0.027538
0.057530
0.053519
0.028524
0.025290
0.019299
0.030503
0.033770
0.041522
0.053815
0.041377
0.017363
0.028665
0.041377
0.016122
0.052632
0.032773
0.056338
0.023751
0.017777
0.016673
0.058724
0.027257
0.049391
0.018745
0.014336
0.017639
0.021798
0.057679
0.027116
0.039933
0.078671
0.057231
0.019437
0.027116
0.011054
0.020408
0.026132
0.009965
0.030078
0.049685
0.016398
0.048072
0.022077
0.046317
0.058126
0.028101
0.025992
0.029513
0.037058
0.034483
0.047486
0.045442
0.048804
0.015572
0.056338
0.022634
0.017501
0.040944
0.038493
0.028665
0.042970
0.035769
0.022774
0.056041
0.037488
0.051598
0.030220
0.042970
0.034340
0.049391
0.042535
0.058574
0.050126
0.049391
0.032631
0.009150
0.046901
0.052336
0.027397
0.052779
0.055446
0.034483
0.052041
0.025010
0.028948
0.014062
0.024730
0.033058
0.020964
0.034055
0.016949
0.027820
0.027397
0.029230
0.046317
0.029795
0.057977
0.044277
0.077586
0.057977
0.036198
0.027397
0.029513
0.052041
0.033627
0.050273
0.053371
0.034483
0.022634
0.026132
0.046463
0.024730
0.047779
0.031637
0.055743
0.025290
0.019992
0.020269
0.052484
0.024870
0.048804
0.030361
0.025150
0.013788
0.024310
0.055298
0.032916
0.048804
0.057231
0.078671
0.022913
0.046901
0.022356
0.042535
0.053075
0.010373
0.051009
0.042246
0.029371
0.047632
0.031921
0.043115
0.077586
0.027679
0.031070
0.034197
0.050862
0.040944
0.054852
0.051009
0.036771
0.029654
0.051009
0.051893
0.021242
0.041811
0.041522
0.054111
0.054407
0.053963
0.044132
0.024870
0.048511
0.029089
0.047925
0.043696
0.029795
0.039789
0.042535
0.038925
0.020408
0.052779
0.050420
0.055446
0.048951
0.042970
0.047194
0.041088
0.048511
0.033912
0.028948
0.020547
0.038925
0.052484
0.055001
0.040078
0.050126
0.038206
0.036628
0.052336
0.042970
0.054259
0.024730
0.048365
0.034625
0.050862
0.043115
0.043841
0.041377
0.037344
0.057231
0.026835
0.044277
0.021381
0.036341
0.054556
0.028524
0.048951
0.042101
0.034055
0.045296
0.056487
0.052927
0.049832
0.050862
0.047779
0.039357
0.036771
0.051746
0.078516
0.039069
0.024170
0.039645
0.032631
0.046755
0.050273
0.019437
0.022913
0.078671
0.038925
0.049098
0.043551
0.044277
0.053963
0.055149
0.054704
0.046463
0.017639
0.030928
0.026835
0.036198
0.037775
0.037631
0.043696
0.031921
0.049832
0.057082
0.078361
0.050567
0.032063
0.037488
0.055595
0.050862
0.078051
0.056041
0.054704
0.052484
0.057977
0.052632
0.052927
0.048511
0.055743
0.054556
0.053519
0.043696
0.052927
0.056636
0.049098
0.038350
0.057977
0.039069
0.041811
0.040655
0.057977
0.049538
0.053963
0.045151
0.043841
0.048804
0.054852
0.035912
0.042825
0.057082
0.054259
0.051598
0.049391
0.047779
0.048072
0.054556
0.048951
0.055595
0.052632
0.050862
0.037919
0.059023
0.077431
0.043115
0.052336
0.053519
0.047925
0.056933
0.055446
0.051156
0.048072
0.051009
0.050862
0.055743
0.053963
0.056933
0.028665
0.058574
0.045588
0.025851
0.035912
0.028948
0.056785
0.046463
0.045005
0.055298
0.032205
0.055595
0.036055
0.054407
0.058425
0.027116
0.046901
0.038925
0.078671
0.055001
0.057082
0.058425
0.054852
0.052336
0.050862
0.055446
0.054556
0.044132
0.055298
0.041522
0.055001
0.044568
0.035769
0.048511
0.054704
0.056189
0.045588
0.046025
0.054111
0.036198
0.051304
0.047047
0.050567
0.051451
0.059621
0.052632
0.054111
0.042535
0.054111
0.048218
0.032205
0.052632
0.053223
0.025431
0.044423
0.041811
0.048951
0.028242
0.057530
0.032489
0.047047
0.053815
0.046025
0.058276
0.034197
0.041233
0.023611
0.031211
0.022913
0.025851
0.049979
0.048951
0.025711
0.050273
0.047632
0.045296
0.050273
0.055892
0.042970
0.053815
0.056189
0.045588
0.049538
0.048365
0.053371
0.034055
0.048218
0.055298
0.043261
0.057530
0.053667
0.045296
0.025571
0.051746
0.049832
0.056636
0.054852
0.049832
0.048072
0.053075
0.049979
0.055149
0.037344
0.023332
0.077277
0.055298
0.038925
0.027116
0.054704
0.056636
0.014473
0.057381
0.076813
0.011054
0.022356
0.049098
0.055001
0.078671
0.056636
0.055595
0.056933
0.042535
0.031779
0.054704
0.048804
0.024170
0.053223
0.025851
0.041811
0.033200
0.036914
0.021242
0.076349
0.059172
0.049832
0.051746
0.026975
0.035340
0.057231
0.030503
0.058574
0.052779
0.056189
0.053963
0.057530
0.039789
0.058126
0.052336
0.033058
0.045588
0.055892
0.056041
0.038062
0.052189
0.058873
0.042825
0.045296
0.043551
0.028101
0.056189
0.056785
0.049245
0.053963
0.052189
0.022077
0.055743
0.046901
0.018607
0.042535
0.036914
0.050273
0.049832
0.040222
0.036628
0.029795
0.054407
0.056636
0.048658
0.055595
0.055149
0.055892
0.057082
0.078516
0.040222
0.041522
0.052484
0.059472
0.053223
0.050420
0.049538
0.028524
0.025431
0.051746
0.055743
0.056338
0.056785
0.033770
0.057679
0.043115
0.021798
0.043696
0.037488
0.056338
0.055298
0.035340
0.054556
0.031353
0.055743
0.039933
0.044277
0.078206
0.020408
0.042535
0.043551
0.057082
0.056636
0.078671
0.077277
0.045005
0.053223
0.048365
0.058873
0.051451
0.046755
0.046463
0.049538
0.042970
0.019437
0.028383
0.054259
0.058276
0.056785
0.053223
0.047047
0.035769
0.041811
0.046317
0.026554
0.055743
0.052484
0.052336
0.055595
0.054556
0.045879
0.056636
0.052927
0.042970
0.048951
0.050862
0.053075
0.041233
0.045442
0.058724
0.035340
0.049391
0.041956
0.035340
0.057977
0.053075
0.048218
0.048951
0.056041
0.029089
0.055446
0.032773
0.023053
0.035197
0.039933
0.044568
0.055298
0.037631
0.030078
0.033912
0.055892
0.055298
0.048072
0.055743
0.059023
0.055298
0.058276
0.058425
0.042535
0.036484
0.054259
0.055595
0.050862
0.046901
0.054704
0.043551
0.035626
0.041667
0.055446
0.057679
0.052927
0.048658
0.057679
0.042391
0.029654
0.047047
0.041088
0.055743
0.055892
0.044714
0.039069
0.031921
0.056041
0.039645
0.036341
0.077586
0.026132
0.053075
0.044277
0.058425
0.055595
0.077277
0.078671
0.036484
0.055595
0.045296
0.054852
0.046463
0.049098
0.049391
0.050273
0.031495
0.028524
0.028383
0.047779
0.058724
0.051009
0.055149
0.029371
0.055892
0.025851
0.056338
0.051893
0.051451
0.052927
0.058574
0.052189
0.055892
0.054556
0.025851
0.032205
0.032773
0.053075
0.051598
0.024870
0.049098
0.052041
0.021103
0.019160
0.055001
0.036771
0.077277
0.030078
0.048511
0.057231
0.040222
0.033912
0.028242
0.022216
0.031211
0.040078
0.053075
0.055743
0.031637
0.040078
0.031353
0.049098
0.057530
0.049245
0.038781
0.032916
0.053371
0.025571
0.026554
0.036055
0.044568
0.041811
0.055149
0.057977
0.020547
0.058276
0.041377
0.038637
0.029230
0.056041
0.053371
0.051156
0.036198
0.056041
0.042970
0.050714
0.055149
0.054556
0.031779
0.012556
0.056041
0.049832
0.045151
0.047194
0.048951
0.049098
0.010237
0.058126
0.052336
0.009965
0.010373
0.053963
0.054852
0.056933
0.045005
0.036484
0.078671
0.035054
0.045879
0.053519
0.027397
0.023891
0.046463
0.016673
0.050273
0.046317
0.046755
0.019160
0.052779
0.058724
0.056041
0.034768
0.015985
0.051598
0.052779
0.020686
0.054111
0.034768
0.055001
0.057828
0.050567
0.039645
0.039789
0.056338
0.040366
0.057530
0.038637
0.050273
0.043696
0.044859
0.055001
0.035769
0.053075
0.048804
0.034911
0.053963
0.055446
0.038925
0.052484
0.053223
0.037201
0.055446
0.050567
0.041088
0.042391
0.041667
0.039069
0.042246
0.038206
0.021659
0.052041
0.043406
0.058425
0.035340
0.042825
0.048218
0.056487
0.058276
0.057231
0.036341
0.031070
0.053815
0.034340
0.046609
0.028383
0.048218
0.056041
0.020131
0.033343
0.038781
0.047194
0.054556
0.045733
0.057828
0.033770
0.041811
0.047047
0.027679
0.049098
0.042680
0.076967
0.053963
0.023751
0.048804
0.036055
0.052041
0.052632
0.030078
0.051009
0.055149
0.052336
0.042535
0.053223
0.055595
0.035054
0.078671
0.055001
0.052779
0.028948
0.042825
0.026413
0.055595
0.034055
0.031070
0.028807
0.057381
0.047925
0.055892
0.056338
0.038493
0.034197
0.053963
0.058126
0.047340
0.050420
0.054704
0.053075
0.056338
0.058724
0.041956
0.041522
0.046317
0.057231
0.049098
0.048365
0.027679
0.050567
0.049685
0.050420
0.050126
0.034768
0.040944
0.048951
0.039069
0.053223
0.042680
0.077277
0.048951
0.043987
0.046025
0.030786
0.047779
0.027961
0.057082
0.056487
0.020131
0.043987
0.057679
0.050420
0.025571
0.050862
0.023332
0.054111
0.049538
0.047925
0.057082
0.054852
0.044568
0.040655
0.055446
0.045588
0.052632
0.034911
0.054556
0.045879
0.032489
0.052041
0.043987
0.028524
0.078671
0.032347
0.057828
0.050862
0.047925
0.028524
0.052632
0.044132
0.057082
0.052484
0.037919
0.037919
0.035197
0.054704
0.050126
0.053963
0.049685
0.042246
0.054704
0.050862
0.031779
0.048365
0.045296
0.045879
0.055001
0.078671
0.049979
0.048951
0.024590
0.050126
0.042246
0.035769
0.056785
0.056041
0.032489
0.045151
0.056338
0.057231
0.055446
0.039357
0.046317
0.056933
0.036771
0.056487
0.056041
0.077896
0.052336
0.057231
0.036055
0.054111
0.048951
0.044277
0.049245
0.057231
0.054111
0.041233
0.046171
0.057828
0.049685
0.055743
0.052189
0.045296
0.056189
0.056933
0.059023
0.056041
0.042970
0.038062
0.053075
0.046171
0.025571
0.052336
0.044714
0.049098
0.028242
0.053075
0.044568
0.051451
0.053519
0.045296
0.046463
0.053371
0.051304
0.047340
0.050126
0.058126
0.056338
0.057679
0.077122
0.053667
0.058276
0.043987
0.038925
0.038350
0.029089
0.058425
0.055446
0.051746
0.054556
0.052632
0.056338
0.048658
0.043406
0.042970
0.033627
0.070358
0.051451
0.047340
0.043696
0.049538
0.047194
0.026132
0.051598
0.053371
0.016398
0.029371
0.046463
0.055446
0.054704
0.058873
0.054852
0.053519
0.052779
0.049979
0.078671
0.033058
0.032063
0.035340
0.052927
0.052336
0.033485
0.041811
0.047779
0.057828
0.046171
0.051746
0.046317
0.030220
0.048511
0.034483
0.042680
0.036771
0.052632
0.051304
0.031495
0.047925
0.021938
0.039213
0.026132
0.050862
0.042680
0.047925
0.014199
0.035769
0.052779
0.053075
0.076813
0.031353
0.015435
0.023053
0.031353
0.046901
0.030361
0.046317
0.041811
0.041233
0.022634
0.023332
0.048658
0.015297
0.054407
0.039069
0.024031
0.041956
0.053815
0.024031
0.039501
0.032347
0.032347
0.054556
0.050714
0.034483
0.057679
0.055595
0.020269
0.034197
0.037058
0.048804
0.051746
0.058574
0.045005
0.033343
0.055892
0.047632
0.049832
0.037058
0.056189
0.018468
0.051893
0.038206
0.027116
0.021242
0.051893
0.055892
0.058724
0.017225
0.019022
0.042101
0.048658
0.051009
0.051893
0.055298
0.048072
0.047632
0.017639
0.054556
0.048804
0.051451
0.046463
0.027397
0.028948
0.048951
0.033058
0.078671
0.039213
0.076349
0.042535
0.038206
0.045151
0.050714
0.048658
0.054111
0.035054
0.036341
0.039069
0.018192
0.036628
0.026975
0.016673
0.037058
0.030220
0.040078
0.016811
0.047340
0.033485
0.033343
0.043841
0.031637
0.045151
0.054407
0.045588
0.034768
0.055892
0.036341
0.036628
0.024310
0.032489
0.014748
0.025711
0.046025
0.022356
0.022077
0.052632
0.048072
0.042391
0.054556
0.024450
0.045442
0.026975
0.050714
0.053815
0.044423
0.046755
0.022774
0.048511
0.031070
0.026413
0.042391
0.053519
0.042246
0.048658
0.045879
0.029230
0.034768
0.038350
0.050420
0.036914
0.050567
0.047047
0.049098
0.043551
0.051451
0.051451
0.037488
0.048218
0.039789
0.049098
0.040655
0.013377
0.054407
0.027679
0.047047
0.047632
0.028948
0.049098
0.031353
0.024590
0.039213
0.023891
0.049391
0.022077
0.031921
0.030928
0.044132
0.024170
0.046755
0.049098
0.023891
0.042825
0.024590
0.032063
0.039213
0.078671
0.021938
0.046317
0.055743
0.012966
0.020131
0.056785
0.049391
0.048511
0.043696
0.027679
0.054852
0.050420
0.041522
0.056636
0.045442
0.055743
0.049391
0.043406
0.048658
0.023192
0.034625
0.021381
0.055298
0.039213
0.041522
0.012419
0.044714
0.051156
0.041233
0.056636
0.050126
0.012282
0.037488
0.025992
0.049245
0.044423
0.048218
0.052041
0.036914
0.015847
0.013788
0.054407
0.011463
0.056933
0.030503
0.020131
0.035340
0.051304
0.029089
0.046463
0.026413
0.029795
0.056189
0.053371
0.020964
0.055446
0.053371
0.015297
0.039213
0.047632
0.039789
0.053667
0.055595
0.053815
0.032063
0.057231
0.046609
0.044423
0.043987
0.056487
0.038637
0.055743
0.048804
0.050420
0.023332
0.055001
0.057231
0.056487
0.019022
0.015160
0.047194
0.047486
0.046609
0.051451
0.054852
0.046317
0.043115
0.026835
0.055298
0.053223
0.046463
0.049391
0.046463
0.026413
0.050126
0.035340
0.076349
0.021938
0.078671
0.040799
0.032205
0.056041
0.055743
0.023611
0.053963
0.051451
0.043696
0.056487
0.029230
0.056189
0.034055
0.028524
0.048072
0.041088
0.042680
0.044568
0.046025
0.025431
0.050273
0.051893
0.053075
0.045442
0.058126
0.046025
0.051746
0.041377
0.057530
0.052632
0.053223
0.051746
0.015710
0.055001
0.056189
0.033770
0.049979
0.055743
0.047925
0.054556
0.041522
0.034768
0.029230
0.024170
0.040222
0.027820
0.046171
0.027397
0.030928
0.051746
0.028524
0.051009
0.050567
0.059322
0.046025
0.059322
0.058425
0.051156
0.049685
0.048804
0.054556
0.052041
0.052336
0.053075
0.055446
0.017915
0.050714
0.053815
0.039789
0.054259
0.050714
0.057828
0.029795
0.025992
0.040222
0.051156
0.040944
0.054111
0.047632
0.037344
0.030361
0.040944
0.054407
0.038206
0.045588
0.058126
0.077586
0.036198
0.041522
0.025851
0.049538
0.050273
0.016673
0.055595
0.042246
0.052927
0.042535
0.046317
0.040799
0.078671
0.043841
0.026413
0.038781
0.056785
0.055298
0.031495
0.049538
0.056338
0.041377
0.037058
0.051451
0.049538
0.046755
0.050126
0.056785
0.017777
0.056785
0.045442
0.048658
0.048072
0.050714
0.052779
0.076813
0.033200
0.047632
0.056487
0.035626
0.029371
0.054556
0.040222
0.019437
0.032205
0.052189
0.042680
0.027961
0.042970
0.048658
0.039357
0.054852
0.021520
0.053223
0.046901
0.053371
0.048658
0.052927
0.055743
0.052779
0.046463
0.015572
0.052484
0.038493
0.047925
0.032063
0.045442
0.046609
0.048658
0.056487
0.053519
0.051598
0.054111
0.055595
0.042825
0.049832
0.052779
0.058126
0.057381
0.032773
0.052336
0.049538
0.053075
0.049245
0.029513
0.036914
0.029230
0.053963
0.050567
0.033770
0.053815
0.048511
0.039933
0.016673
0.046463
0.043261
0.028101
0.027679
0.037775
0.055001
0.041811
0.042970
0.031495
0.050273
0.034055
0.035769
0.052336
0.038206
0.055743
0.032205
0.043841
0.078671
0.015847
0.045151
0.048951
0.052189
0.041088
0.041522
0.012556
0.054259
0.055595
0.046609
0.057231
0.037344
0.059322
0.045588
0.056933
0.044714
0.020964
0.019022
0.010645
0.056338
0.029654
0.024590
0.008742
0.052632
0.048218
0.026694
0.047194
0.045151
0.020964
0.055149
0.016260
0.055001
0.052336
0.054852
0.052632
0.044714
0.012692
0.017087
0.077277
0.013377
0.058276
0.038637
0.010237
0.024870
0.046463
0.032063
0.019160
0.027538
0.012419
0.056041
0.039213
0.011054
0.055595
0.048365
0.018468
0.043261
0.053075
0.018607
0.050126
0.049979
0.054852
0.016673
0.054407
0.028665
0.023192
0.029795
0.058276
0.030078
0.058425
0.054704
0.057381
0.009829
0.040655
0.034483
0.049538
0.021659
0.019160
0.040511
0.018607
0.042970
0.055149
0.044859
0.025992
0.031070
0.037631
0.044568
0.033200
0.019437
0.028524
0.046317
0.031070
0.056785
0.033485
0.045151
0.012966
0.056041
0.026413
0.015847
0.078671
0.055298
0.010918
0.030644
0.046025
0.043115
0.024450
0.059172
0.053519
0.055743
0.055001
0.020269
0.055001
0.053519
0.041377
0.038350
0.030786
0.042825
0.012282
0.052632
0.044423
0.043261
0.013377
0.053075
0.039069
0.037058
0.056487
0.051746
0.036341
0.045879
0.036771
0.052632
0.056487
0.053223
0.052041
0.030078
0.026835
0.021103
0.046609
0.022356
0.055149
0.047632
0.011191
0.030078
0.049245
0.049245
0.024870
0.015022
0.035054
0.049391
0.051893
0.021103
0.053075
0.044568
0.026694
0.049685
0.056189
0.048951
0.050126
0.052189
0.049685
0.027116
0.055595
0.054852
0.032205
0.030361
0.056933
0.051893
0.053371
0.055595
0.053075
0.022634
0.054852
0.037201
0.053667
0.022495
0.018330
0.049098
0.019714
0.041088
0.052336
0.043841
0.029513
0.034197
0.043696
0.035769
0.036914
0.028383
0.028383
0.046755
0.028807
0.056041
0.041811
0.050714
0.020131
0.055743
0.038781
0.045151
0.055298
0.078671
0.012146
0.044568
0.049538
0.047925
0.050126
0.007658
0.042391
0.038925
0.010782
0.053815
0.029230
0.043551
0.038062
0.048072
0.018468
0.033627
0.039501
0.028665
0.048804
0.054704
0.055001
0.020408
0.048218
0.053963
0.042101
0.034340
0.037775
0.011736
0.035912
0.054407
0.016260
0.031779
0.041667
0.043261
0.052632
0.038925
0.024730
0.038206
0.018330
0.027397
0.040944
0.046317
0.016398
0.030644
0.054111
0.038637
0.034055
0.036628
0.044132
0.052336
0.051304
0.055595
0.032347
0.027679
0.027961
0.048072
0.038206
0.033485
0.030220
0.052189
0.013788
0.037919
0.051893
0.037344
0.044568
0.022634
0.054407
0.014885
0.016536
0.043406
0.023472
0.045005
0.045442
0.048804
0.048365
0.009693
0.040799
0.032063
0.040944
0.044423
0.037058
0.050862
0.031921
0.048511
0.021242
0.054259
0.047779
0.019160
0.057381
0.032489
0.047779
0.048658
0.056785
0.023611
0.056785
0.048951
0.010918
0.012146
0.078671
0.048658
0.058574
0.051598
0.054556
0.052632
0.053667
0.053519
0.047340
0.051598
0.049245
0.057828
0.051009
0.052779
0.054852
0.053815
0.056785
0.049832
0.054852
0.057530
0.045151
0.049685
0.043261
0.057977
0.052336
0.055149
0.051156
0.040655
0.077277
0.054111
0.055446
0.051304
0.055149
0.051156
0.051451
0.040222
0.032347
0.053223
0.043841
0.040655
0.053371
0.055001
0.053815
0.050126
0.058873
0.056785
0.056189
0.076504
0.057231
0.055446
0.055446
0.057082
0.055149
0.052632
0.057231
0.055001
0.077122
0.056487
0.054111
0.051304
0.046463
0.057082
0.077431
0.056487
0.055743
0.055595
0.058276
0.047486
0.046317
0.054852
0.046609
0.077741
0.076349
0.046901
0.032773
0.055595
0.077586
0.035483
0.054259
0.076504
0.034483
0.040944
0.049832
0.054704
0.076349
0.058276
0.058724
0.052779
0.047925
0.045151
0.057828
0.054111
0.049391
0.053963
0.055298
0.052189
0.030644
0.044568
0.048658
0.078671
